Jet 0.0 Contains: -211, -211, -211, 22, 22, 
Jet 0.1 Contains: 211, 22, 22, 22, 22, 211, 
Jet 0.2 Contains: 130, -211, 211, 22, -211, -211, 22, 22, 22, 22, 211, -211, -321, 22, 11, -211, 211, -2212, 211, 22, -211, 22, 22, -211, -211, 321, 22, 2112, 211, 211, 130, 22, 22, 
Jet 0.3 Contains: 22, 22, 211, 211, 22, -211, 22, 211, 211, 211, 22, 211, 211, 22, 
Jet 0.4 Contains: -211, 211, 22, 211, 22, 
Jet 0.5 Contains: -211, 
Jet 0.6 Contains: 211, 22, 211, 22, 22, 22, 22, 
Jet 1.0 Contains: 22, -211, -211, 11, 22, 22, 22, -211, 22, 22, 22, 22, 211, 22, 22, 22, 
Jet 1.1 Contains: 211, -211, 22, 211, 22, 22, 22, 22, 
Jet 1.2 Contains: -321, 22, -211, 22, -211, 22, 22, -211, 22, 22, 22, 22, 22, 
Jet 2.0 Contains: 22, 211, 211, -2212, 22, 22, 211, -211, -211, 211, 22, 22, 
Jet 2.1 Contains: -2212, 22, 130, 22, 22, 22, 22, 2112, 211, 211, -211, 22, 22, 
Jet 2.2 Contains: 22, 211, -211, 22, 211, 22, 130, -211, -211, 211, -211, 22, 22, 22, 22, 22, 
Jet 2.3 Contains: 211, 22, 22, -211, 211, 22, -211, -211, 22, 
Jet 2.4 Contains: -211, -211, 2112, 22, 22, 22, 22, 
Jet 2.5 Contains: 211, 22, -211, 22, 22, 
Jet 2.6 Contains: 211, 22, -211, 22, 211, -211, 22, 22, 
Jet 2.7 Contains: 211, 22, -211, 2212, 22, 211, -211, 22, 22, -211, 130, 22, 22, -211, 211, 22, 211, 22, 22, 22, 22, 22, 
Jet 2.8 Contains: -2212, 211, 22, 211, 211, 22, -211, 22, 
Jet 2.9 Contains: -211, 22, -211, 22, 22, 211, 
Jet 2.10 Contains: 22, 22, 211, 22, 22, 211, 22, -211, 22, 211, 
Jet 3.0 Contains: 111, 21, 21, 2112, -321, 211, -2212, 22, 21, 22, 2, 22, 211, -211, -211, -211, 21, 211, 211, 
Jet 3.1 Contains: 22, 21, 22, 22, 21, 22, 21, 21, -211, 22, 22, 
Jet 3.2 Contains: 221, -2112, 21, 21, -321, -321, 2212, 111, 22, 22, 211, 22, -211, 22, -2, 22, 21, 21, 22, 21, -211, 22, 21, -211, -1, 211, 21, 211, 21, 22, 22, -211, 22, 21, 211, 111, 111, -1, 211, 111, -211, 21, -321, 211, 21, 22, 22, 
Jet 3.3 Contains: 211, -2212, 21, 21, 22, 21, 22, -2, 22, 111, 22, 111, -211, 223, -213, 311, 
Jet 3.4 Contains: 111, -211, 22, 21, 323, -211, 21, 21, 21, 111, 211, 211, 22, -311, 111, 211, 21, -213, 111, 
Jet 3.5 Contains: 22, 22, -2, 22, 2212, -2212, 22, 1, 211, 22, -211, 22, 21, 213, 22, 21, 211, 211, -15, -211, 2212, 22, 22, 22, 22, 1, 22, -211, 1, 22, 22, 22, 22, 22, 211, -211, 22, 
Jet 3.6 Contains: -211, 22, 22, 22, -211, -211, 22, 211, 111, 22, 22, 21, 23, 22, 21, 22, 22, 22, 211, -311, 211, 130, 21, 223, 22, 22, 
Jet 3.7 Contains: 211, 221, 111, 211, 21, 21, -211, 22, 22, 21, 21, 22, 22, 1, 21, 21, 22, 211, 21, 
Jet 4.0 Contains: -311, 21, 21, -321, 3122, -211, 211, -211, -211, 213, 21, 22, 130, 211, -211, 22, 211, 22, 211, 21, -211, 22, -211, 321, 
Jet 4.1 Contains: 22, 310, 21, 111, 22, 213, -11, 3, 111, 21, 22, -211, -211, 211, 22, -211, 22, 21, 130, 21, 321, 
Jet 4.2 Contains: 21, 21, 111, 2112, 21, 211, -211, -211, -211, 323, 111, 22, 2112, 211, -211, 311, 211, -211, 21, -211, 21, 130, 
Jet 4.3 Contains: 21, -211, 22, 21, 22, 22, 22, 22, 22, -211, 22, 111, 211, 22, 22, 22, 22, 22, 211, 2, -1, 21, 21, 211, 211, 211, 22, 22, 22, -211, -3, 21, 22, 2, 21, 
Jet 4.4 Contains: -211, 22, -2112, 21, 111, 21, 21, 22, 211, 22, 21, 22, 130, 22, 22, 22, 211, 22, 22, -211, 22, 
Jet 4.5 Contains: 22, -213, 211, 21, -311, 111, 22, 21, 213, -3, 213, 221, 21, 21, 21, 21, 21, -213, 21, 
Jet 5.0 Contains: 21, -211, 21, -1, -211, -211, -211, 22, 211, 211, 
Jet 5.1 Contains: 211, -2112, -211, 21, -211, 3, 1, 2112, 22, 22, 22, 321, -211, 22, 
Jet 5.2 Contains: 221, 21, 21, 2, 21, 22, -211, 22, 111, 211, 130, 221, 2212, 22, 22, 22, 21, 21, 111, 23, 22, 21, 22, 21, 21, 22, 22, 21, 21, 22, 22, 21, 21, 21, 22, 211, 22, 21, -311, 221, 22, 130, 21, 310, 111, 21, 113, 21, 22, 22, 211, 22, 
Jet 5.3 Contains: 221, 21, 113, 21, -211, 22, 221, 111, 211, 321, -211, 21, 211, 21, 11, 21, 22, 111, 22, -311, 22, 333, -323, 
Jet 5.4 Contains: 21, 113, 22, 311, 130, 111, 22, 211, 22, 22, 22, -16, 21, 
Jet 5.5 Contains: 21, 21, -2, 22, -311, 111, -211, 1, 21, 21, 21, 213, 21, 130, 211, 21, 113, 21, 211, 21, -211, 211, 211, 
Jet 5.6 Contains: 2212, 211, -321, 21, -2112, -211, 22, -211, 311, 22, -211, 22, 21, 22, -211, 211, 111, 22, 21, 22, 22, 21, 2212, -2212, -211, 22, 211, 22, 22, 21, 
Jet 5.7 Contains: -2212, 1, 1, 1, 321, 111, 130, 22, 21, 22, 211, 21, 313, 21, 
Jet 5.8 Contains: 21, 213, 221, 21, 22, 22, 213, 21, 211, -211, 
Jet 5.9 Contains: -313, 21, 21, 111, 22, 111, 211, 21, 22, 21, 22, 111, 21, 21, 211, 21, 21, -211, 211, -213, 111, 
Jet 5.10 Contains: 21, 21, 223, 130, -311, 331, 2, 323, 21, 111, -213, 211, 310, 21, -2, 113, 21, 21, 22, -211, 21, 22, 22, 22, 130, 21, 111, 22, 22, 311, 
Jet 5.11 Contains: 111, -1, 211, 221, 211, -211, -211, 130, 21, 22, -213, 323, 22, 
Jet 6.0 Contains: 22, -211, 211, 22, 2112, -211, -211, 211, 321, -321, 21, 211, 
Jet 6.1 Contains: 22, 211, -211, 22, -213, 22, 22, 22, 22, 111, 22, 22, 
Jet 6.2 Contains: 111, 211, 22, 22, 21, 22, 22, 22, -211, -211, 22, -211, 
Jet 6.3 Contains: 22, 3312, -2212, 22, 22, -211, 2112, 22, 211, 22, 
Jet 6.4 Contains: 22, 211, 22, 22, 211, 21, -211, -211, 
Jet 6.5 Contains: -211, 22, 22, 22, -211, 22, 22, 
Jet 6.6 Contains: 211, -211, -2112, 22, -211, 2112, 22, 22, 22, 22, 211, 211, 22, 22, 
Jet 6.7 Contains: -211, 21, 22, 22, -211, -211, 211, 211, -211, -211, -211, 22, 
Jet 6.8 Contains: 211, 21, 22, 
Jet 6.9 Contains: 22, 22, -211, -321, 22, 22, 22, -211, -211, -211, -211, 
Jet 6.10 Contains: 130, 211, -211, 22, -211, -211, -211, 211, 22, -211, -211, 
Jet 7.0 Contains: 22, 111, 22, 22, 22, 22, 211, 22, 22, 22, 211, 211, 211, -15, 22, 211, -211, 
Jet 7.1 Contains: 211, 22, -321, 15, -211, 1114, 111, -321, 211, 211, -211, 211, 22, 22, 211, 211, -211, 22, 22, 
Jet 7.2 Contains: 111, 310, 2112, 22, 211, 22, 22, 22, 15, 22, 22, 111, -211, 22, 111, -211, -211, 111, -211, 22, 22, 2112, 
Jet 7.3 Contains: 22, 22, 22, 21, -213, 211, -321, 21, 21, 22, -1, -311, 321, 21, 321, -2112, 
Jet 7.4 Contains: 22, 22, 130, 22, -211, 22, 22, 22, 111, -211, 22, 22, 111, 22, 22, 22, -3122, 22, 111, -211, 
Jet 7.5 Contains: 22, 22, -211, -211, 22, 22, 22, 211, 211, 111, 
Jet 7.6 Contains: 3, 22, 111, 22, 22, 21, 111, -2112, 22, 111, 111, 22, 211, 22, 22, 22, 2112, 
Jet 7.7 Contains: 111, 21, 213, 22, 22, 22, -213, 2112, 211, 111, -211, 21, 22, 22, 22, 22, -211, 22, 
Jet 8.0 Contains: 22, 22, 22, 16, 111, -1, 22, 211, 22, 22, 22, 321, 22, 22, 
Jet 8.1 Contains: -211, -211, 22, 22, -213, 22, 130, 111, 22, -2112, 211, 22, 22, 22, 22, 22, 
Jet 8.2 Contains: 22, 211, 22, -3114, 22, 211, 130, 22, -211, 22, 223, 1114, 22, 22, 
Jet 8.3 Contains: -211, 211, 111, 211, -211, 22, 11, 22, 22, 211, -211, -211, 111, 22, -211, 22, 22, 211, 211, 321, 
Jet 8.4 Contains: 21, 22, 22, 22, 22, 22, 22, 21, 21, 22, 22, -211, 21, 22, -321, 211, 22, -211, 
Jet 8.5 Contains: 21, 22, 21, -211, 2212, 22, 22, -211, -211, 22, 22, 22, 22, 3122, 22, 15, 22, -211, 22, 22, 
Jet 8.6 Contains: 22, 23, 22, -2212, 22, 22, 111, 11, 
Jet 8.7 Contains: 211, -211, 22, 211, 111, 22, -2112, -211, 211, 22, -211, 22, 22, 22, 22, 111, 22, -211, -211, -211, -211, 22, 211, 211, 22, 22, 22, 22, 
Jet 9.0 Contains: -211, 311, 21, 22, 22, 22, 22, 111, 23, -211, 22, 22, 130, 211, 211, 211, 22, 22, 22, 211, 22, 22, 22, -211, 
Jet 9.1 Contains: 22, 21, 211, 22, 22, 22, 22, 211, 22, 22, 22, 22, 22, 22, 111, 22, 22, 22, -211, 22, 22, 22, 2, 
Jet 9.2 Contains: 22, 211, 22, -1, 22, 211, 22, 211, 323, 22, -211, 22, 111, 310, -2112, 21, 22, 211, 3, -3, 211, 22, -211, 22, 22, 22, 22, 22, 
Jet 9.3 Contains: 22, 22, 22, 22, 22, 22, 22, -211, 22, 211, -211, -211, -211, 3312, 22, 
Jet 9.4 Contains: 211, 211, 22, 111, 211, 22, 211, 21, 111, 21, -321, 111, 21, -311, 16, 22, 
Jet 9.5 Contains: 22, 22, -11, -211, -211, 2112, 22, -211, 211, 323, 22, -211, 22, 22, 22, -211, 22, 22, 22, 22, 22, 22, 22, -2212, 321, 22, 211, 
Jet 9.6 Contains: 22, 211, 15, -2212, -311, 21, 310, 11, 311, -211, 22, 22, -211, -211, -211, 111, 22, 22, 
Jet 9.7 Contains: 22, 22, -211, -211, 22, -211, 22, -211, 111, 22, 22, 22, 
Jet 10.0 Contains: 130, 22, -211, -211, 111, 211, 211, 22, 22, 
Jet 10.1 Contains: 22, 111, 111, 22, 22, -1, 211, 22, 21, 22, -211, 22, 22, 21, 111, 21, 22, 321, 21, 213, 211, 22, 22, 22, 22, 22, 22, 22, 211, 321, 21, 
Jet 10.2 Contains: -211, 22, 22, 22, -16, 22, 111, 111, 22, 22, 22, 323, 1, 22, -211, 22, -311, 211, -211, 111, 22, 111, 111, 111, 111, 
Jet 11.0 Contains: 22, 22, 22, 22, 22, 22, -1, -11, 111, 22, 11, 22, 22, 23, 22, 
Jet 11.1 Contains: 22, 111, 21, 22, -211, 211, 22, 22, 22, 22, 111, 111, 211, 211, 22, 211, -211, 22, 22, 211, 22, -211, 
Jet 11.2 Contains: -211, 22, 22, 111, 211, 22, 130, 2212, 130, 22, 22, 211, 22, 22, 
Jet 11.3 Contains: -211, 211, 211, 321, 22, 1, 22, 22, 211, -211, -213, 22, 211, 130, 22, 323, 22, 22, 22, -211, 22, 22, 130, 22, -211, 22, 22, 211, 130, 22, 321, 
Jet 11.4 Contains: 211, 22, 22, 111, 22, 211, 211, 211, 22, 22, 22, 22, 22, 22, 21, 22, 
Jet 12.0 Contains: 211, 22, -311, 211, 22, 22, -211, 22, 22, 211, -211, 22, 22, 111, 22, 111, 310, -2112, 22, 22, 21, -211, -211, 22, 
Jet 12.1 Contains: -311, 21, -311, 22, 213, 22, 21, 21, 21, -1, -311, 22, 21, 22, 22, 111, 22, 22, 22, -211, 
Jet 12.2 Contains: -11, 22, 111, 22, 22, 22, 22, 22, 111, -211, 22, 111, 22, 22, 111, 22, 22, 211, 211, 22, 
Jet 12.3 Contains: -211, 22, 22, 22, 22, 211, 211, -211, 22, 22, 111, -3122, 111, 211, -211, 21, -211, 211, 22, 
Jet 12.4 Contains: -321, -321, 16, 22, -16, 22, 130, -211, 22, 16, 
Jet 12.5 Contains: -211, 23, 22, 11, 111, 22, -2112, 211, 22, -213, -211, -211, 22, 
Jet 12.6 Contains: 22, -211, 211, 111, 22, 22, 111, 11, 211, 22, 22, 22, 321, -211, -211, 22, 22, -321, 
Jet 12.7 Contains: 22, -211, 22, 16, 3, 23, 22, 16, 22, 22, 22, 22, 21, 111, 22, 22, 22, 
Jet 13.0 Contains: 22, 22, -3, 22, 111, 22, 22, 111, 211, 22, 22, 22, 22, 
Jet 13.1 Contains: 22, 22, -211, 22, 22, 22, 21, 321, 21, 2112, 22, 211, -211, 22, -211, 22, 22, 22, 22, 
Jet 13.2 Contains: -213, 22, 211, 22, 130, 22, 22, 111, 22, 211, 22, -211, 22, 22, 211, 130, -211, 21, 211, 22, 22, 22, 
Jet 13.3 Contains: 310, 130, 22, 111, 22, 111, 22, 22, -211, 111, 22, 22, 211, 22, 211, 211, 22, 
Jet 13.4 Contains: -211, 22, 21, 22, 22, 22, 211, -211, 211, -211, -211, 22, 22, 21, 
Jet 14.0 Contains: 22, 130, 211, -211, 22, 111, 22, 22, 22, 21, 22, 22, 22, 
Jet 14.1 Contains: 22, 22, -2112, 22, -211, 22, 22, 22, 211, 111, 211, 2112, 21, 22, 211, 22, 22, 
Jet 14.2 Contains: 22, -3112, 111, 111, 22, 2212, 22, 2, 22, 
Jet 14.3 Contains: 22, 22, 22, 22, 130, 22, 22, 22, -2212, 22, 22, 22, 22, 22, 15, 22, 22, -211, 22, 
Jet 14.4 Contains: 22, 22, 211, 211, -211, 22, 22, 211, 22, 22, 211, -211, 
Jet 14.5 Contains: -2112, 22, 211, 22, 211, 111, 211, -3212, 22, 311, 111, -213, 22, 21, 22, 213, 22, 223, 22, 211, 211, 
Jet 14.6 Contains: 130, 22, 22, -211, 211, 211, 211, 321, -211, 211, 111, -211, 22, 111, 111, 310, 111, 22, -1, 22, 
Jet 14.7 Contains: 22, 22, 2, 22, 22, 22, 211, 21, 22, 22, 22, 
Jet 14.8 Contains: 310, 22, 22, -211, -211, 22, 22, 16, 3122, 22, 
Jet 14.9 Contains: 323, -211, 21, 223, 22, 211, 22, 23, 211, 211, -211, 22, 22, 22, -211, -211, 21, 111, 211, 22, 310, -211, -15, -211, 
Jet 14.10 Contains: 111, 22, 22, -211, 22, -1, -211, 22, 22, 111, 22, 22, 
Jet 14.11 Contains: -211, -211, -16, 111, 21, 2112, 22, 2, 111, 22, 311, 22, 22, 111, 211, -15, 111, 22, 111, -211, 211, 213, 
Jet 14.12 Contains: -211, 11, 111, 22, -211, 111, -211, 211, 22, -211, 22, -211, 22, 22, 21, -311, 213, 22, -211, -211, 22, -211, 211, 22, 
Jet 15.0 Contains: 22, 211, -211, 22, -211, 211, -2212, 22, -211, 22, 
Jet 15.1 Contains: -211, 22, 22, 211, 22, 22, -211, -211, 211, 211, 22, 22, 22, 22, 22, 321, 22, -321, 22, 211, 
Jet 15.2 Contains: 22, 22, 11, 321, -211, -311, 211, 22, 22, 22, 22, -211, 22, 
Jet 15.3 Contains: -211, 130, 22, 211, -1, -211, -211, -2212, -211, 22, 311, 211, 
Jet 15.4 Contains: -321, 22, 311, 22, 22, 310, 22, 111, -211, 16, 211, 
Jet 15.5 Contains: -211, -211, 22, 22, 22, 22, 22, -321, 213, 211, 22, 211, 22, -11, 
Jet 15.6 Contains: 22, 22, -211, 22, 211, -321, 22, 22, 
Jet 15.7 Contains: 22, 321, -211, 22, 211, -321, 22, 321, 22, 211, 211, -321, -211, 3122, 22, 22, 
Jet 16.0 Contains: 21, -211, 22, 211, -1, 22, 22, 211, -211, 211, 21, 21, 22, 22, 21, 22, 
Jet 16.1 Contains: 22, 21, 211, 111, -211, 21, 21, 211, 111, 22, -211, 23, -211, 21, 211, 211, -211, 22, 22, 211, 
Jet 16.2 Contains: 22, 211, 21, 22, 22, 21, 21, 22, 21, 21, 21, 
Jet 16.3 Contains: 22, 22, 22, 22, -211, 21, 2, 21, 22, 
Jet 16.4 Contains: 22, 22, 22, -211, 211, 21, 21, -211, 21, -321, 22, 22, 22, 22, 113, 21, -321, -211, 321, -211, 211, 
Jet 16.5 Contains: 22, -211, 22, 21, 21, 21, 22, 2, 22, 22, 22, 211, 22, 22, 22, 21, 223, 111, 22, 21, 211, 
Jet 17.0 Contains: 22, 11, 213, 22, 21, 22, 21, -3222, 1, -211, 22, 130, 111, 211, 211, 22, 22, 211, 211, 22, 111, -321, 111, 21, 21, 111, -211, 22, 21, 22, 22, 211, 
Jet 17.1 Contains: 21, 22, 21, 22, 21, 21, 211, -211, -211, 21, 130, 22, -1, 211, 22, 21, 21, 211, 211, 111, 
Jet 17.2 Contains: 111, 22, -211, -211, 22, 211, 22, 22, 22, 21, 223, -211, 2212, 211, -311, 21, -211, 21, 111, 111, -211, 22, 22, 211, 2, 22, 22, 211, 
Jet 17.3 Contains: 22, 22, 22, 2112, 22, 321, 22, 21, 22, 21, 22, 22, 111, 111, 22, 
Jet 18.0 Contains: 22, 22, 21, 21, 2, 22, 21, 21, 21, 21, 211, 22, -211, 111, 22, 21, 211, 22, 22, 21, 21, 2, 22, 211, -211, 
Jet 18.1 Contains: 21, 21, 22, 1114, 21, 21, 21, 211, 22, 21, 23, -213, 111, 22, 22, -211, 
Jet 18.2 Contains: 211, 211, -211, 213, 111, 21, 21, 22, -3, 22, 310, 22, 22, 311, -2112, -3, -15, 22, 22, 321, 111, 111, 21, 22, 21, 21, 22, -211, 21, 21, 211, 
Jet 18.3 Contains: 22, -321, -211, 21, 111, -211, 22, 2112, -2112, 22, 22, 3, 21, 211, -211, 22, 
Jet 18.4 Contains: 22, 21, -321, 22, -211, 21, 23, 21, 321, 22, 21, 22, -311, -1, 211, -211, 21, -211, -3, 211, -211, 211, 22, 211, 211, 22, 113, 2212, 21, 22, -211, 21, 21, -211, 22, 22, 22, 211, 21, 211, 
Jet 19.0 Contains: 22, -321, 22, 22, 21, 321, 211, 211, 22, 211, 21, 22, 22, 
Jet 19.1 Contains: -211, -211, 22, -211, 211, 22, 22, 21, 211, 211, 211, 2112, 211, 22, 
Jet 19.2 Contains: 211, -211, 22, -211, -15, 22, 3122, 22, -211, 211, 15, 22, 22, -211, -311, 
Jet 19.3 Contains: 22, 22, 211, 321, 211, 211, 22, -211, -211, 211, 22, 22, 111, 
Jet 19.4 Contains: -211, 22, 22, 21, 211, 211, -211, 211, 111, 111, 211, -311, 321, 
Jet 19.5 Contains: -211, 22, 130, -211, 22, 22, 
Jet 19.6 Contains: 211, 321, 111, 22, 211, -211, 211, 130, 22, 111, 
Jet 19.7 Contains: 22, 22, 22, 22, 22, 2212, 22, 211, 22, 22, 
Jet 19.8 Contains: -211, 310, 22, 211, 22, 211, 22, -211, 211, 21, 22, 211, 321, -211, -213, 
Jet 20.0 Contains: 22, 22, 22, 22, 111, -211, 21, 211, 22, 211, -211, 22, 2, 21, 21, 130, 211, 211, 22, 2, 22, 22, 22, 22, 22, 22, 211, 211, 21, 211, 22, 22, 22, 
Jet 20.1 Contains: 22, 321, 22, 211, 22, -211, 22, 22, 1, 21, 21, -1, 22, 22, 22, 21, 22, 22, 22, 22, -211, 22, 
Jet 20.2 Contains: 21, 22, -321, 21, 111, 111, -211, 111, 211, 22, 21, -1, 21, -211, 21, 113, 22, -211, -2212, 1, 21, 22, 22, 111, 22, 213, -4, -211, 321, 22, 22, 211, 22, 22, 
Jet 20.3 Contains: 22, 21, 2, 22, 21, 22, 22, 21, 21, 21, 21, 111, 23, 21, 22, -211, 111, 22, 
Jet 20.4 Contains: 221, 2112, 21, 22, -211, 21, 211, 111, 21, -2, 22, -211, -211, 
Jet 20.5 Contains: -211, 21, 22, -211, 21, 22, 22, 321, 23, 22, 21, 211, 21, -211, 21, 211, 211, 
Jet 20.6 Contains: -2112, 21, 22, 223, 21, 111, -211, 111, -1, -211, 22, 2112, -211, 21, -2112, 22, 111, 22, 22, 22, 
Jet 21.0 Contains: 21, 22, 21, 3, 21, 211, 130, 21, 22, 22, 22, 15, 21, 211, 211, -211, 21, -2112, 22, 22, 22, 22, -211, 223, -211, -211, -211, -15, 211, 21, -2112, -211, -211, 21, 22, 211, 22, 22, 21, 2112, 211, 22, 22, 22, 21, 
Jet 21.1 Contains: 111, 22, 21, 22, 2, 21, 1, 22, -2, 21, 22, 211, -211, 111, 
Jet 21.2 Contains: 22, -211, -211, 21, 21, 311, 211, 22, 22, 
Jet 21.3 Contains: 22, -211, 22, 22, -311, 21, -211, 22, 2, 211, 21, 21, 21, 22, 22, 22, 21, 211, 22, 22, -3122, 21, 211, 23, 21, 
Jet 21.4 Contains: 211, -1, -1, 211, 113, 21, 21, 22, -211, 321, 223, 21, 111, 111, 211, -211, 22, 3214, 22, -211, 21, 111, 111, -213, 22, 22, 21, 211, 21, 111, -213, 
Jet 21.5 Contains: 22, 21, 21, 22, 22, 111, 22, 211, -213, 21, 21, 111, 22, -211, 21, 111, 22, 111, 22, 22, 21, 111, -211, 22, 22, 111, 22, -2, 21, -4, 
Jet 22.0 Contains: 22, 211, 22, 211, -211, 22, 22, -211, 22, 22, 
Jet 22.1 Contains: 22, 211, 22, 2212, 211, -2212, 2212, 22, -211, 211, 22, 22, 22, 
Jet 22.2 Contains: 211, 22, -211, 22, 22, -211, 211, -211, 22, -2112, -211, 211, 
Jet 22.3 Contains: 22, 211, 22, 211, 211, 22, 211, -211, -211, -321, 
Jet 22.4 Contains: 211, -2212, 211, 2212, 211, 211, 
Jet 22.5 Contains: -211, 321, 22, 22, 22, 211, 22, 
Jet 22.6 Contains: -211, 211, 130, 22, 22, -211, 22, 22, 
Jet 22.7 Contains: 22, -211, 22, 2112, -2212, 211, 130, 
Jet 22.8 Contains: 211, 22, 211, -211, 22, 321, -211, 22, 22, 22, 211, 211, 211, 211, -211, 
Jet 22.9 Contains: -211, -211, 22, 
Jet 22.10 Contains: -321, 211, 22, 22, 22, 211, 
Jet 22.11 Contains: -211, 22, 211, 22, 211, 211, 22, -211, 211, 321, -211, -211, 22, 
Jet 23.0 Contains: 21, 22, -211, 22, -311, 21, 21, 21, -313, 21, 21, 111, 21, 22, 21, 2, 21, 22, -211, 21, 22, 22, 22, 22, 22, 22, 
Jet 23.1 Contains: 321, 21, 22, 211, -2112, 22, 21, 211, -321, 22, -2, 21, 21, 21, 21, 211, 211, -211, 22, 21, 21, 22, -211, 213, 22, -1, 22, 
Jet 23.2 Contains: 211, 113, 21, 21, 22, 21, -213, 22, 21, -311, 21, 221, 111, 111, 21, 21, 211, 22, -2, 21, 
Jet 23.3 Contains: 22, 21, 22, 21, 21, 211, 21, 21, -211, 22, 22, -211, 21, -2, 22, 211, 21, 211, 21, 21, 21, 111, 21, -213, 22, 21, -211, 21, 21, -211, 21, 21, 2212, 21, 21, -211, 
Jet 23.4 Contains: 22, -213, 21, 211, 21, 21, 22, 21, 22, 21, 22, -211, 21, 22, 22, 2, 21, 323, 21, 22, 
Jet 23.5 Contains: 21, 21, 2, 21, 21, 211, 21, 22, 211, 22, 22, 22, 22, 21, 
Jet 23.6 Contains: 21, 21, -321, -211, -3122, 21, -2, 211, 21, 21, 211, 21, 21, -211, 21, 111, 22, -1, -211, 21, 211, 21, 22, 21, 21, -211, 211, 113, -211, -211, 111, 21, 21, 111, 21, -211, 211, -2, 21, 21, 22, 
Jet 23.7 Contains: 21, 111, 22, -213, 21, 111, 21, 21, -2, 21, 22, -1, 21, 111, 21, 21, 111, 21, -2, -211, 21, 22, 21, 22, 211, 211, 21, 22, -2, 21, 22, 22, -213, 2212, 21, 2114, 21, 111, 
Jet 24.0 Contains: -211, 22, 22, 22, 22, 211, 22, 22, 22, 321, -211, 22, 22, 22, 22, -211, 22, 22, -321, -211, 
Jet 24.1 Contains: 211, 22, 22, 22, 22, 1, -213, 22, 22, -211, 22, 211, 
Jet 24.2 Contains: 211, 22, 21, 111, 130, -211, 22, 21, 21, 22, 21, 22, 21, 
Jet 24.3 Contains: 22, 221, 22, 22, -211, 22, -211, 22, -211, 21, 130, 22, -211, 21, 311, 211, 22, 
Jet 25.0 Contains: 21, -211, -211, 111, 22, 22, 211, 21, 22, 111, 211, 513, -211, -4, 21, 111, -211, 111, 21, 211, 
Jet 25.1 Contains: 22, 21, 211, 211, -1, 2112, -211, 22, 22, 21, 22, 22, 21, -4, 21, 21, 3122, 22, 22, 311, 310, 211, 22, 130, 22, -321, 211, 
Jet 25.2 Contains: 211, 221, 22, 21, 22, -211, 21, 21, 313, 21, 111, 211, 111, 22, 22, 21, 
Jet 25.3 Contains: 211, 21, 22, -211, 211, 111, -211, -3, 211, 22, 111, 111, 211, 21, -211, -211, 22, 22, 22, 
Jet 25.4 Contains: 111, 323, 21, -211, 113, 22, 111, 21, -4, 313, 21, 211, 22, 22, 22, -313, 21, 22, 22, 5, 111, 111, 21, -211, 
Jet 25.5 Contains: 21, 1, 111, 22, 211, 21, 211, 211, 21, -16, 22, 22, -211, -5, 22, -211, 21, -211, 22, 22, 21, -211, 111, 22, 21, -211, 211, 211, -2, 21, 211, 
Jet 25.6 Contains: 21, 22, 21, 22, 22, -2, 22, 111, 111, 21, 211, 111, 130, -211, -211, 421, -211, 22, 22, -4, 22, -211, 22, -211, 21, 22, 211, -211, 211, 111, 
Jet 25.7 Contains: 421, 310, 22, 21, 111, 22, 21, 21, -211, 23, 211, 111, 21, -4, 21, 311, 113, 22, 22, 4, 22, 21, -211, -211, 22, 
Jet 25.8 Contains: 21, 111, 21, 21, 22, 22, 311, 22, 21, 22, -311, 
Jet 26.0 Contains: 310, 22, 21, -211, 113, 22, 211, -321, 22, 22, 15, 211, -211, -211, 211, 22, 22, -211, 21, -211, 22, -2212, 22, 
Jet 26.1 Contains: 211, -321, 22, -211, -16, 21, 22, -211, 22, 211, 211, -211, 211, 22, 211, 22, -211, 311, 21, 211, 22, 211, 22, 22, 
Jet 26.2 Contains: 310, -211, 21, 21, 22, 22, 211, 22, 22, 22, 22, -321, -213, 22, 211, -321, 22, 21, 22, 130, -211, 22, 22, 
Jet 26.3 Contains: -211, 211, 22, -211, 211, 22, 22, 211, -211, 22, 22, 211, -3224, -211, 22, 22, 22, -2112, 211, 22, -311, 22, 
Jet 26.4 Contains: 22, 22, 22, -211, 22, 22, 22, -211, 211, 22, 211, 22, -211, -211, 211, 21, 22, 21, 22, -2212, 22, 22, 22, 
Jet 26.5 Contains: 22, 2212, 21, 22, 211, 22, 22, 21, 22, 211, 21, 22, 323, -211, -211, 21, 21, 
Jet 26.6 Contains: 211, 22, 22, 22, 22, 213, 211, 111, -211, 22, 22, -211, -211, 211, 
Jet 27.0 Contains: 21, 21, -321, -211, 21, -211, 22, 22, 111, 2212, 3, 22, -213, 211, -211, 22, 211, 211, -311, 211, -211, 21, 211, -211, 310, 22, 2114, -311, 2, 22, 21, 22, 22, -211, 211, 111, -2212, -211, 211, 22, 22, 22, 22, -211, 2212, 22, 22, 22, -211, 
Jet 27.1 Contains: 21, 22, 22, 22, 211, 2112, 21, 21, 111, 22, 111, 111, -211, 21, 211, 22, 22, 213, -211, -211, 21, 111, -211, 21, 22, 22, 22, 211, 211, -211, -211, 
Jet 27.2 Contains: 111, 2112, 22, -211, 22, -211, 22, 211, 21, 111, 22, 211, 111, 22, 22, 211, -211, 21, 211, 22, 22, 22, 221, 211, 22, 321, 22, 22, 22, -321, 22, 
Jet 27.3 Contains: 21, 211, 22, -311, -3, 21, -211, 310, 111, 22, -211, 21, 211, 22, 3, 22, 130, 111, 111, 211, 211, 21, 2, 22, 22, 310, 111, 21, 22, -211, 310, 22, 211, 
Jet 27.4 Contains: 21, 22, 22, 2112, -2112, 2, 22, -2112, 22, -211, -211, 22, 22, -211, 21, -211, 22, -2212, -211, -211, -211, 22, 2112, 22, -211, 211, 22, 
Jet 27.5 Contains: 22, 310, -2, 22, -211, 22, 21, 21, 22, -211, 2, 21, 21, 211, 211, 21, 323, 22, 211, 111, 22, 211, 22, 22, 
Jet 27.6 Contains: 22, 211, 22, 22, 21, 22, 211, 21, 21, 213, 22, 111, 22, 22, 21, 22, 223, -211, 22, 
Jet 27.7 Contains: 211, -321, 111, 2, 22, -211, 111, 22, 211, -321, 22, 21, -211, -2212, 22, 21, 22, 22, 22, 21, 22, 323, -211, 211, 22, -2, 111, 111, 
Jet 27.8 Contains: 211, 21, 22, 22, 3, 111, 21, 22, 22, 310, 111, 21, 21, 22, 22, 211, 22, 21, -211, 22, 15, 21, 22, 22, -2112, -211, 21, 111, 
Jet 27.9 Contains: 22, 21, 22, 21, 22, 22, -313, 21, 223, 22, 211, 22, -211, 21, 111, 211, 211, 21, 22, -1, 21, 22, 111, 211, 211, 21, 313, 22, 
Jet 28.0 Contains: -211, 211, 22, 22, 22, 22, 22, 22, 211, 22, -321, 22, 211, 22, -211, 211, 22, -211, 130, 211, 22, 22, 22, 321, 22, 
Jet 28.1 Contains: 22, -211, 22, 211, 22, 22, 22, 22, 211, 211, 211, 211, 22, 211, 
Jet 28.2 Contains: -2112, 22, 22, -211, 22, -211, 211, 22, -211, 22, 22, 22, 211, 22, 211, -211, 211, 22, 211, 22, 211, 211, 22, 211, 211, 22, -211, -211, 211, -211, 22, 22, 22, -211, -211, 
Jet 28.3 Contains: 22, 22, 22, -211, 22, -211, 22, 321, 
Jet 28.4 Contains: 211, 22, 130, 211, 211, 22, 22, 130, 211, 22, 22, 22, 22, 
Jet 28.5 Contains: -211, -211, -211, 130, 22, 22, 22, 22, 22, 22, 22, 22, -211, 22, 22, 22, 22, 
Jet 28.6 Contains: 211, 130, 22, 22, 211, 2212, 22, 211, 22, 22, 22, 22, 22, -211, -211, 22, -211, 
Jet 29.0 Contains: 111, 22, 211, 22, 2212, -321, 130, 22, -211, 22, 113, 111, 22, 22, -211, -311, 22, 211, 22, 
Jet 29.1 Contains: -211, 22, 211, 22, -211, 22, 111, 21, 211, 22, 22, 22, -211, -211, -211, 22, -211, -211, 22, 211, 
Jet 29.2 Contains: 211, 21, 22, 22, 22, 22, 211, -2, 211, 22, 111, 21, -211, 211, 111, 22, -2212, 22, 22, -211, -211, 22, -321, 22, 22, 22, 22, 
Jet 29.3 Contains: 211, -211, -211, 21, -211, 22, 22, 111, 22, 21, 111, 22, 111, 21, -3112, 16, -211, 
Jet 30.0 Contains: 321, 21, 22, 21, 21, 21, 22, 130, 22, 21, -321, 21, 21, -3122, 21, -211, 22, -211, 22, 21, 21, 130, 21, 21, 2, -211, 22, 21, 21, 211, 21, 22, 22, 22, 22, 211, 22, 
Jet 30.1 Contains: 22, 22, 111, 3, 3, 21, 211, 21, 111, 130, 21, 321, 22, 22, -211, 21, -2114, -211, 111, 22, -3, -211, 22, 22, 23, 211, 21, 310, 2, 111, 21, 
Jet 30.2 Contains: 21, -3, 22, 111, 22, 22, 21, -2212, 22, 21, 21, 211, 21, 2112, 22, 22, -211, 22, 22, 22, -211, 111, 22, -323, 22, 22, 21, 211, 22, 21, 211, 22, 22, 22, 22, -3, 22, 22, 22, 22, 
Jet 30.3 Contains: 21, 21, 211, 211, 21, 211, 21, 21, 22, 21, 22, 321, 22, 211, 22, 21, 130, 21, 21, 211, 111, 21, 21, 21, -2112, -211, 111, 21, 22, 211, 21, 22, 21, 21, 22, 21, 211, 223, -3, 211, 111, 22, 22, -211, 22, 22, 22, 21, 3, 21, 21, 22, 21, 211, 
Jet 30.4 Contains: -211, 22, 21, 3, 21, 111, 211, 22, 22, 2, 2112, 21, 111, 21, -211, 22, 21, 21, 21, 21, -2, 22, 21, -2112, 111, 
Jet 30.5 Contains: 21, 21, 111, -211, -211, -2212, -3122, -321, 22, 111, 22, -3, -2, -211, 22, 22, 211, -211, 211, -2, 22, 22, 22, 21, -2212, 21, 22, 21, 3122, 111, 22, -211, 22, 21, 22, -211, 21, 
Jet 30.6 Contains: 21, -15, 211, 22, 22, 22, 21, 213, 21, 211, 21, 22, 211, -1, 21, 21, 21, 21, 21, 21, 
Jet 30.7 Contains: 111, 21, -211, 310, 21, 2112, 21, 21, 21, 21, 21, 21, 21, -211, 22, 22, 2112, -211, 2, 21, -321, 
Jet 30.8 Contains: 22, 21, 21, 22, 22, 22, -211, 21, 22, 211, 21, 22, 22, 22, 2112, 21, 211, 22, 21, 22, 113, -2, -2112, 21, 22, 21, -211, 22, 
Jet 30.9 Contains: 221, 1, -211, 22, 22, 22, 22, 21, 22, 22, 21, 21, 
Jet 30.10 Contains: 211, 111, 22, 22, 111, -211, 22, 22, -311, 21, -211, 21, -211, 22, 21, 21, 311, 111, 21, 211, 2, 21, 21, 223, 
Jet 31.0 Contains: 21, 21, 21, 21, 22, 21, 21, 21, 321, 22, 22, 21, 21, -3222, 21, -211, -16, -2212, 22, 21, 22, -211, 22, -3, 111, 211, 221, 213, 211, 22, 22, 
Jet 31.1 Contains: -211, 211, 211, 22, 21, 223, 111, 22, -211, -211, 21, 22, 21, 111, 111, 223, -211, -211, -211, 111, -211, 22, 22, -211, -3122, 111, 21, 22, 211, 211, -211, 21, 21, -211, -211, 211, 
Jet 31.2 Contains: -211, 111, 22, 111, 311, 21, 22, 21, 21, 21, -211, 21, 22, 221, 21, 211, 21, 2112, -211, 21, 111, -1, 21, 221, -311, 22, 211, -211, 22, 21, 21, 21, 22, 21, 21, 21, 21, 21, 21, -2, 111, 22, 21, 21, 
Jet 31.3 Contains: 21, 21, 22, 211, -211, 111, 22, 3, 211, 21, 22, 130, -2212, 22, 2, 21, 3, 21, -211, 22, 21, 22, 213, 211, -211, -1, -211, 211, 311, 22, 22, 22, 21, 211, 111, 321, 21, 111, 22, 
Jet 31.4 Contains: 111, -211, 21, 211, 21, 21, 21, 22, 22, 22, 21, 22, 22, 21, 111, 21, 211, 211, 22, 22, 23, 111, 21, 22, 2, 
Jet 32.0 Contains: 21, 3, 111, 211, 111, 211, 21, 21, 111, -321, 21, 21, -2212, 21, 111, 21, -211, 22, 21, 21, 211, 21, -321, 21, 22, 2212, 211, 223, 21, 21, 21, 21, 21, -2, 21, -211, 
Jet 32.1 Contains: 2, 22, 22, 21, -211, 22, 111, 21, 21, 2212, 211, 22, 2, 21, 22, 22, 21, 2, -211, 22, 21, 130, 22, 21, 311, 22, 22, -2212, 21, 223, 22, 211, 11, 21, 22, 3, 130, 22, 21, 21, 130, 211, 21, -211, 22, 22, 22, 
Jet 32.2 Contains: 211, 21, 22, 21, 21, -311, 22, 111, 21, 21, 22, 22, 21, 21, -3, 22, 211, 21, 111, 111, 2212, 21, 111, -2112, 2, 22, 22, -213, -211, 22, 22, 21, -2, 21, 22, -2212, -211, 111, 
Jet 32.3 Contains: 22, 313, 22, 213, 3222, 22, 21, 221, -211, 111, -3, 21, 21, 21, 21, 21, 22, 333, 22, -211, 111, 21, 
Jet 32.4 Contains: 22, 21, 21, 21, 21, 211, 22, 22, 111, 2224, -211, 113, 223, 211, -211, -211, 111, 310, 223, -211, 310, 21, 21, -211, 21, 21, 21, 
Jet 32.5 Contains: 21, 21, 2112, -211, 111, 21, -2212, 21, 311, 211, 21, -211, 311, 22, -211, -213, 21, -2, 21, 22, 21, 21, 
Jet 33.0 Contains: -211, -211, 111, 111, -211, -321, 310, 111, 22, 22, 21, 211, 22, 22, 22, 21, 22, -311, 21, 22, 22, 211, 21, -211, 21, 22, 22, -211, 22, 21, 21, 111, 21, 23, 21, -211, 211, 22, 22, 21, 
Jet 33.1 Contains: 211, 22, 211, 211, 213, -2112, 211, -211, 111, 221, 21, 21, 22, 211, 111, 21, 22, 22, 211, 21, 22, 21, -211, -211, 113, 213, -211, 211, 211, 22, 211, 2, 2112, 113, 22, 211, 22, 113, 22, 211, 22, 22, -211, 313, -211, -211, 22, 
Jet 33.2 Contains: 21, 21, 22, 22, 21, -2212, 22, 111, 111, 111, 111, 22, 22, 213, 111, 21, 22, 111, -211, 22, -3112, -211, 2212, -2212, -211, 22, 22, 22, -2212, 22, 21, 111, 321, 22, 21, 211, 21, 22, 21, 2212, 211, 2212, -213, 3212, 22, 21, 
Jet 33.3 Contains: 21, 333, 130, 21, 22, 22, 22, -2212, 22, 22, 111, 22, 21, 21, 22, 111, 22, 111, 21, -213, -311, -211, 11, 21, 21, 
Jet 33.4 Contains: 22, 22, 3, 21, 211, 22, -211, 211, 21, 22, -211, 2212, 211, 21, 21, 21, 21, 21, 22, 211, 22, 1, 21, 22, 21, -211, 22, 22, 21, 21, 21, 21, 21, 21, 211, 21, 223, 21, 211, 21, 22, -311, 21, 
Jet 33.5 Contains: 21, -211, 213, -213, 3112, 21, 22, -211, 111, 211, 22, 21, 21, 22, 22, 213, 21, 223, 22, 111, 22, 111, 211, 211, 221, 113, -211, -211, 111, 15, 
Jet 34.0 Contains: 22, 22, 22, 22, -211, 22, 22, 22, 22, 22, 22, 211, 22, 
Jet 34.1 Contains: -211, 22, 22, 211, 22, 22, 22, 22, 22, 22, -211, -211, 22, 111, 22, -211, -211, 22, 22, 22, -211, 211, 22, 
Jet 34.2 Contains: 22, 22, 22, 22, 22, 22, 22, -211, 22, 211, -211, 22, 22, 22, 
Jet 34.3 Contains: 211, 22, 2212, 2112, -211, -321, -211, 22, -211, 211, -211, 22, 
Jet 34.4 Contains: 321, 22, 22, 211, 211, 22, 22, 22, 22, 22, 22, 22, 211, 22, 
Jet 34.5 Contains: 22, 211, 130, 211, -211, 22, -211, 211, -211, 22, 22, -2112, 211, 2112, 22, 22, 130, 211, 22, 22, 
Jet 34.6 Contains: 211, 22, 22, -211, 321, 211, 22, -211, 211, 22, 22, -211, 22, 22, 211, 211, -211, 22, 
Jet 35.0 Contains: -321, 22, 22, 21, 22, 22, 22, -211, 211, -1, 22, -323, 111, 22, 22, 211, 22, 22, 21, 113, 2112, -211, 21, 111, 211, -211, 211, 21, 111, 111, -211, -211, 111, 22, 
Jet 35.1 Contains: 21, 22, 22, 22, 22, 2112, -2, 111, 211, -2, 22, 111, 22, 22, -211, -211, 21, 321, -211, 22, 22, 22, 3122, 211, 22, 21, 2112, 2212, 
Jet 35.2 Contains: 211, 310, 22, 22, 22, 22, 22, 2, 22, 22, -211, 21, -211, 211, 22, 111, 22, 111, -211, 211, 22, 111, 
Jet 35.3 Contains: -211, 2112, 111, 22, 22, 211, -211, 111, 130, 22, 311, 22, -211, 22, 22, 211, 111, 22, 111, 22, 22, 211, 22, 310, 22, 22, 22, 22, 111, 111, 22, 2, 
Jet 35.4 Contains: 22, 22, 2212, 211, 22, 22, 22, 22, 21, 111, -211, -211, 211, 21, 21, 22, 21, 22, -2212, 111, 22, -211, 2212, -211, 
Jet 35.5 Contains: 111, 22, -311, -211, -211, 211, 21, 22, 21, 22, 22, 21, 21, 1, 113, 22, 111, 
Jet 35.6 Contains: 211, 22, 130, 2212, -213, -3122, 211, 22, -211, 22, 111, 22, -211, 22, 22, 21, -211, 22, 1, -211, 21, 221, 21, -1, 
Jet 35.7 Contains: 211, 2, 22, 22, 22, -321, 22, -211, 22, 22, 2112, 22, -2112, 22, 22, 22, 22, 111, 22, 211, 22, 22, 21, 22, 111, -321, 310, 22, -321, 211, 111, 111, 
Jet 36.0 Contains: 21, 2212, 21, 22, 21, 22, -211, 111, 130, -211, -211, 22, -1, -211, 21, 221, 321, 111, 321, 211, 22, -211, 2212, 21, -211, -211, 211, 22, 22, 2114, 
Jet 36.1 Contains: 111, 211, 1, 211, -211, -211, 211, 21, 21, 22, 22, 21, 22, -321, 22, 22, 211, 22, -1, -211, 22, 211, 22, -2, 2, -213, 21, 21, 111, 211, 111, 211, 211, -211, 22, 22, 22, 22, 111, -3, 111, 22, 
Jet 36.2 Contains: 22, 22, 22, 22, 22, 22, 22, 323, 22, 310, 22, 22, 22, 22, -211, 22, -2212, 211, -321, 2112, 22, -311, 22, -2212, -211, 22, 22, -211, 22, 22, 22, 3122, 22, 331, 22, 211, 211, 21, 211, 211, 211, 22, -2112, 22, 111, -213, 22, 22, -211, 2212, -211, 
Jet 36.3 Contains: -211, 21, 22, 130, 22, 22, -211, 22, 22, 22, 21, -2112, 22, 321, 22, -211, 22, -211, -2212, -211, 22, 22, 22, 310, 2112, 22, 22, 22, 22, 211, -2112, -211, 2212, 211, -211, -211, 
Jet 36.4 Contains: 22, 21, -3, 22, -211, -213, 21, 21, -211, 111, 22, 22, 111, 111, 22, 22, 21, -213, 311, 22, 22, 21, 21, 22, -211, 22, 22, 2112, 21, 22, -323, 22, 211, 2, 22, 22, 22, 
Jet 36.5 Contains: -211, -211, 211, 2, 211, 111, 111, 22, -211, 22, 22, -323, 22, 22, 1, 21, 211, 22, 21, 311, 22, -211, -213, 21, 111, -211, 111, 310, -1, 211, 111, 22, 22, 111, 22, 111, 
Jet 36.6 Contains: -211, 111, 21, 211, 22, 22, 211, 22, 22, 21, 21, -11, 111, 22, 211, 22, 22, 22, 21, 130, 22, 21, 22, 22, 22, 21, -211, 
Jet 36.7 Contains: -211, 111, -211, 211, 22, 22, 22, 21, 211, 22, 21, 111, 130, -211, 22, 22, 22, 211, 1, 211, 22, 211, 22, 2212, -211, 22, 
Jet 36.8 Contains: 113, 211, 211, -211, 21, 21, 211, 22, -211, -211, 211, 22, 21, 21, 2, 111, -211, 310, -211, 22, 22, -3, -211, -211, 22, 2112, 321, 22, -211, 111, 21, 22, 21, 21, 22, 21, 22, 21, 
Jet 36.9 Contains: 22, 111, 130, 21, 211, 22, 22, 21, -213, 22, -2112, 130, 211, 22, 22, 111, 22, 111, 22, 211, 111, 211, -211, 22, 22, 22, 211, 22, 111, 22, 111, 2, 22, -211, 21, -323, -211, 21, 111, -1, 22, 
Jet 37.0 Contains: 313, 21, 21, 111, 21, 22, 211, 211, 211, 111, 21, 22, 22, -213, 22, 111, 22, -211, -211, 22, 111, 211, 22, -211, 22, -3, 22, 111, 
Jet 37.1 Contains: -211, 22, 22, 111, 21, -211, 111, -211, 310, 22, -211, 211, 111, 21, 22, 21, 22, 21, 211, 323, 22, 211, 22, 211, 22, 211, 213, 111, 22, 21, 111, 113, 111, 22, 211, 211, 211, 22, 211, 
Jet 37.2 Contains: 311, -313, -211, 21, 22, 21, 22, 21, 22, 22, -321, 22, 211, -211, 21, -3, -1, 22, 223, -321, 310, -211, 21, 221, 21, 
Jet 37.3 Contains: 21, 22, 22, -211, 22, 21, 21, -211, 22, 211, 111, 21, 21, 211, 22, 211, 111, 21, 211, 211, 22, 22, 221, 211, 111, 22, 22, 22, 310, 22, 111, -211, 22, 113, 22, 310, 21, 22, -311, 111, 22, 22, 21, 22, 22, 22, -211, 111, 22, 211, 21, 21, 22, 21, 22, 
Jet 37.4 Contains: 321, -211, 310, 22, 22, 21, -3, -2112, 21, 22, -2212, 22, 130, 21, 21, 211, 22, 211, 211, 21, 22, 21, -3122, 22, 
Jet 37.5 Contains: 21, 22, 22, -2212, -211, 130, 22, 22, 111, 23, -213, 21, 22, 21, 211, 22, 22, 111, 22, 111, -313, 22, 10441, 221, 22, 22, 22, 211, 22, 22, 223, 22, 21, 23, 22, 
Jet 37.6 Contains: 321, 22, 22, 22, 22, -213, 21, 211, 22, -211, 21, 23, 21, 22, -211, 111, -211, 22, 211, 16, -2212, 211, 21, 1114, -211, 310, -15, -211, 211, 211, -2112, 111, 
Jet 38.0 Contains: 22, -211, -211, 22, 211, -211, 211, 211, 22, 22, -211, -211, 22, -321, 22, -321, 22, -211, 111, -2212, 22, -2212, 22, 111, -211, -211, 111, 211, -211, 22, 211, 22, 22, -311, 22, -211, 211, 22, 111, 211, 22, -211, -3122, 111, 211, 22, 111, 211, 111, 211, 111, 211, 113, 21, 111, 111, 22, 21, -211, -321, -2212, -431, 211, -211, 22, 
Jet 38.1 Contains: 211, 211, 22, 22, 321, 22, 111, -321, 2212, 211, 22, 211, 22, 111, -321, 211, -211, 22, 22, -211, 321, -211, 211, -211, -2212, -321, -211, -211, -321, 111, -211, -211, -211, 22, 111, 211, -211, -211, 211, -211, 211, 211, 211, 211, -211, 211, 211, -211, 
Jet 38.2 Contains: 321, 211, -211, -11, 211, 211, 22, 22, -211, 111, 22, 211, 211, -211, -2212, 21, 22, 111, -321, -211, -211, -2112, 211, -211, -211, 2, -211, 3122, 21, 211, 22, 22, 22, 211, 111, 211, 21, -211, 211, 211, 22, -211, 211, 22, 21, 211, -211, -211, 211, 211, 22, -211, 22, 22, -211, -211, 22, 21, 211, -211, -211, 22, 211, 211, 211, 
Jet 38.3 Contains: 310, 211, -321, 22, -1, 211, -321, -211, 211, -211, -211, 111, -321, -211, 111, 22, -211, 22, 111, 211, -211, -211, 211, 211, 22, -2112, -211, 211, 22, 211, 22, -211, -211, 211, 130, 
Jet 38.4 Contains: 22, 211, -211, 321, 211, -2212, -211, 22, -211, 22, 333, -211, 22, -211, 22, 23, 211, -211, -211, 211, 211, -213, -2212, 22, 22, 22, 22, 111, -2212, 22, 111, 22, 22, 22, 22, 111, 211, 22, 211, 2112, -211, 
Jet 38.5 Contains: 22, 211, -213, 211, -211, -3114, 22, -211, 311, 22, 22, 22, 22, 22, 211, 211, 111, -211, 211, 211, -211, 22, 211, 22, -211, -211, -211, -321, -213, 22, 21, 2212, -211, 211, 22, 22, -211, 22, 211, 211, 22, 
Jet 38.6 Contains: 21, -321, 2212, 111, 111, 22, 211, -321, 211, 211, 22, 211, 211, 22, 111, 2212, 2, 2, 211, 21, -211, -211, 211, 22, -211, 22, -211, 211, -211, -211, 21, 22, 211, 211, -211, 411, -211, 21, 21, -211, 
Jet 38.7 Contains: 22, 22, 22, -2212, -16, 22, -321, 211, -321, 22, 211, 211, 211, 211, -211, 22, 211, -211, 22, 22, 211, 111, 211, 111, 2212, 2, 211, 211, 22, 22, 211, -211, 211, 111, 
Jet 39.0 Contains: 22, 111, 22, 211, 22, 211, 22, 22, 211, 
Jet 39.1 Contains: -211, 22, 22, 22, 22, 311, 22, 211, 22, -211, 22, 22, 22, -211, 130, 22, 22, 22, -211, 22, 22, 22, 
Jet 39.2 Contains: 211, 22, 111, 22, 211, 211, -321, 111, 211, 22, 211, -211, -211, 22, 22, 111, 2112, -211, 211, -211, -211, -3, 130, 211, 22, 22, -2112, -211, -2112, 22, 130, -211, 211, 111, -211, 2112, 211, 22, 
Jet 39.3 Contains: 22, -211, 211, -211, 111, 130, 211, 22, 22, 22, -211, 
Jet 39.4 Contains: 211, 311, 22, 22, 22, -211, -211, 21, 22, 22, 211, 2212, -321, 22, 211, 211, 111, -211, -211, 111, 211, 211, 22, 22, 22, -213, 
Jet 39.5 Contains: 22, 221, 22, 22, 22, 22, 22, 22, -311, 2212, -211, 22, 22, -211, 22, 
Jet 39.6 Contains: -3122, 22, -211, -211, 22, 22, 211, 2, 331, -211, 22, 211, -211, 211, 22, 211, 22, 22, 111, 211, 211, 211, 22, 211, 211, 
Jet 39.7 Contains: 310, 22, 22, 111, 22, -211, 321, 211, 22, 22, 22, 22, 22, 211, 22, 211, -211, 22, 211, 22, 22, 22, 22, 2112, -211, -211, 22, 211, 130, 130, 211, 
Jet 39.8 Contains: 22, 22, 22, 22, 111, -211, 21, 22, 22, -2214, 211, -211, 211, 21, 211, 111, 22, 22, 211, 22, 21, -211, 22, 111, 211, 211, 22, 
Jet 39.9 Contains: 211, 22, 22, 211, 111, 211, 111, 111, -211, -2212, 22, 22, 22, 
Jet 40.0 Contains: 21, 22, 111, 22, 211, 211, -211, 22, 22, 111, 111, 111, 211, 22, 211, -211, 22, 22, 22, 2, -211, 21, -211, 21, 
Jet 40.1 Contains: 211, 111, 211, -211, 22, 111, 21, -211, 22, 211, 22, 21, 111, 21, 111, 313, 22, 211, 22, 111, 21, 22, 21, 211, 111, 3, 111, -211, 111, 22, 211, 211, 22, 22, 211, 21, 211, 22, 211, 111, 111, -211, 22, 21, -211, 3122, -211, 
Jet 40.2 Contains: 211, -3122, 22, 22, 211, 22, 22, 111, 22, 22, 21, 22, 213, 21, 111, 211, 22, 21, 130, 111, 211, -2212, 111, 22, 22, 22, 21, 22, 22, 21, 211, -211, 22, 21, -211, 22, 310, 22, 22, 22, 22, 22, 22, 
Jet 40.3 Contains: -311, 21, 211, 21, 211, -211, 211, 22, 22, 22, -213, 22, 130, -211, 211, 22, 22, 211, -2112, 211, 111, 22, 21, -2112, -213, -2212, 21, -211, 22, 211, -211, 22, 22, -16, 21, -211, -211, 2112, 211, 321, 16, 211, 311, -211, -211, -211, 22, 22, 22, 22, 
Jet 40.4 Contains: 22, 21, 111, 211, 321, 22, 22, 21, 22, 321, 211, 211, 22, 21, 22, 22, 22, 2112, 22, 22, 22, -313, 321, 22, -321, 
Jet 40.5 Contains: 130, 22, 211, 23, 111, 21, 22, 21, 211, 22, 21, 21, 21, 22, 111, 22, 21, 211, -321, -321, 22, 21, 22, 
Jet 40.6 Contains: 211, 1, 16, 21, 211, 16, 22, -1, -211, 22, 22, 111, 22, 22, 111, -211, 21, 321, 22, 211, 22, -211, 111, -211, 21, 22, 21, 22, 111, 211, 113, -211, 
Jet 40.7 Contains: 22, 22, 2212, 22, 22, -211, 111, 22, 22, -2112, 310, 22, -321, -211, 111, 22, 21, 22, 21, -211, -3, 22, 
Jet 41.0 Contains: 22, -321, -211, 22, 22, 211, -211, 22, -211, -211, -211, 22, 22, 22, 22, 22, 111, 22, 211, 211, 211, 22, 21, 22, 211, 22, 22, 22, 111, 211, 211, 
Jet 41.1 Contains: 211, 211, 311, 22, 2, 211, 111, 22, 22, 22, 22, 22, 211, 22, 22, 22, 211, 22, 211, 22, 22, 22, 310, 22, 211, 211, -3, 111, -211, 22, -211, 
Jet 41.2 Contains: -211, -1, 22, 22, 21, 22, 22, 21, 22, 22, 111, 22, 22, 22, -211, -211, -1, 111, 111, 22, 22, 2112, 22, 22, 22, 2, 310, -211, 22, 22, 
Jet 41.3 Contains: -211, 211, 22, 111, 22, 111, 22, 22, 130, 22, -211, 22, -2212, 211, 22, 310, 2112, 
Jet 41.4 Contains: 22, 22, 111, 22, 22, 22, 22, 321, 22, 211, 22, 22, -211, 22, 22, 211, -2212, 22, 22, 21, -211, 22, 22, 
Jet 41.5 Contains: 22, 22, 22, 130, 22, 2212, 22, 22, 
Jet 41.6 Contains: 321, 211, -311, 2212, -211, -211, 22, 22, -16, -321, 22, 22, -321, -211, -211, 211, 22, 22, 
Jet 42.0 Contains: 111, 22, 211, 22, 22, 22, 111, 311, 111, 22, -2212, 211, 2112, -211, 22, 22, 211, -213, -211, 211, 22, -211, -211, 22, 22, 22, 211, -213, 22, 
Jet 42.1 Contains: 22, 22, 22, 22, 211, 22, 22, -2212, 22, -211, -321, 22, 111, 111, 22, 22, -11, -211, 22, 211, 22, 211, 111, 22, 22, -211, 211, 22, 321, 22, 22, 22, -211, -211, 22, 211, 22, 
Jet 42.2 Contains: 2112, 111, -15, 321, 22, 111, 111, 310, 22, -2112, 111, -211, 22, 22, -211, 22, 22, -211, 211, 22, 22, 211, 22, -2, 
Jet 42.3 Contains: 211, -211, 22, -211, 22, 22, 21, 22, 22, 22, -211, 211, 310, -2, 
Jet 42.4 Contains: 310, -1, 22, 21, 22, 22, 22, 21, -321, 211, 22, 22, 22, 22, -211, 22, 2212, 22, 22, -211, 21, 211, -211, 22, 22, 21, 22, -323, 21, 
Jet 42.5 Contains: -211, -321, 16, 111, 211, 22, 130, 21, -211, 211, 21, -211, 2, 211, 22, 211, 22, 22, 211, -211, -3122, 3, -211, 
Jet 42.6 Contains: 22, 22, 22, -211, -211, 22, 22, 
Jet 42.7 Contains: 2112, 22, 22, 22, 22, -211, 22, 22, 22, -211, -211, 211, 22, 22, 22, -211, 22, 111, 211, 22, 22, 211, 
Jet 43.0 Contains: 22, 211, 22, 22, 22, 
Jet 43.1 Contains: 211, 22, 211, 111, 211, -211, 22, 22, 221, 211, 22, 211, 211, 22, -211, -2212, -2112, -211, 111, 331, 22, 211, -2212, 211, -211, 22, 211, 310, 22, 211, 211, 2212, 22, 22, 22, -211, 22, 22, 22, 
Jet 43.2 Contains: 211, 111, 22, -211, -3, 211, 22, 211, 21, 22, -211, 22, 22, 21, 21, 21, 310, -211, 211, 21, 21, 21, 22, 21, 21, 21, 21, 21, 21, 21, 2, 
Jet 43.3 Contains: 111, 321, 22, 22, 21, 22, 22, 22, 22, 22, 111, -211, -211, 211, -211, 22, 23, 111, 211, 22, 22, 22, 22, 22, 22, 22, 22, 22, 22, 22, 21, 22, 211, -213, 22, 211, 22, 111, 130, -211, 310, 
Jet 43.4 Contains: -211, 23, -211, 22, -211, 22, 22, 22, 22, 211, -211, 22, 21, 111, 22, 22, 22, -211, 22, 22, 22, 22, 22, 
Jet 44.0 Contains: 22, 22, 22, -321, 22, -211, 22, 22, -211, 22, 22, 22, 211, 22, 211, 211, 130, -211, 22, 111, 22, 130, 22, 22, 
Jet 44.1 Contains: 22, 22, 22, -211, 22, -211, 211, 22, 22, -211, -321, -211, -211, 22, 211, 22, 111, -211, 111, -323, 2212, 22, 22, 22, 22, 22, 211, 22, 22, 
Jet 44.2 Contains: 22, 111, 22, -211, 22, 130, 22, 22, -211, 22, 11, 22, 111, 111, 22, 22, 111, -211, 22, 22, 22, 211, 22, 111, 22, 22, 22, 22, 22, 22, 211, 22, 111, 130, 211, -211, -211, 310, 22, 111, 22, 
Jet 44.3 Contains: 22, 3122, 211, 211, 22, 22, 111, 22, 10441, 211, 321, 211, 321, 310, 22, 111, 111, 22, 22, 111, -311, 22, 22, 22, 22, 311, 22, -211, -211, 22, 22, 211, 311, -211, 211, 111, 321, 
Jet 44.4 Contains: 22, 111, 22, 211, 211, 22, -211, 22, -211, 211, 22, 22, 2212, 22, 22, 211, 22, -2212, 111, -211, 21, 22, -211, 211, 22, 211, 
Jet 44.5 Contains: 22, 21, -211, 22, 22, 22, 22, 321, 22, 2, 22, 22, 22, 211, 22, 22, 111, 22, -211, -321, 22, 22, 211, 211, 211, -2112, 
Jet 44.6 Contains: -211, 130, -211, 22, 111, 22, 22, 2212, 22, 22, 111, 22, 111, -2212, 22, 211, 22, 221, -211, 111, 22, 22, 22, 111, -211, -2112, 111, 
Jet 44.7 Contains: 22, 22, 22, 22, 22, 22, 111, -211, 211, 111, -321, 22, 211, 221, -211, 22, 22, 22, 22, 211, 22, 22, 111, 111, 211, 111, -211, 22, 211, 22, 22, 
Jet 44.8 Contains: -211, 22, 22, 22, 211, 22, 111, -211, 211, 22, -211, 22, 111, 23, 22, 111, 111, 211, 21, 22, -211, 211, 2212, 22, 211, -1, 
Jet 44.9 Contains: 111, 22, -211, 111, 22, 22, 22, 111, 21, 211, 22, 22, 22, 22, -3122, -211, 22, 111, 21, 211, 22, 
Jet 44.10 Contains: 211, 22, 22, 22, 22, 22, 22, 211, -211, 22, 22, -15, 22, 21, 22, 22, 213, 22, 321, -211, -211, 22, -211, 22, 22, 22, 22, 331, 211, 223, 
Jet 45.0 Contains: 211, -211, 22, 22, -211, 111, 22, 211, 211, -321, -2212, -211, 211, 211, 22, 2, -211, 22, 321, -2112, 211, 2212, 22, 22, 22, 111, 111, 22, 211, 111, 22, -2112, 211, 22, 2212, 111, 22, 211, 22, -2212, 130, 
Jet 45.1 Contains: 22, -211, -211, 2112, 211, 211, 22, 22, 321, 22, -211, 22, 22, 211, 22, 
Jet 45.2 Contains: -211, -211, 310, 22, 10441, -321, 22, 22, 23, 22, -211, 22, 211, 21, 21, 211, -211, 22, -211, 211, -211, 22, -211, 130, 130, 21, 
Jet 45.3 Contains: 2112, -211, 22, -211, 211, -2212, 22, 22, 22, 211, 22, -211, -211, 
Jet 45.4 Contains: 22, 211, 22, 22, 22, 22, 22, 22, 22, 22, -211, 22, 22, 2212, 22, -211, -211, 
Jet 46.0 Contains: 22, 22, 130, 111, 111, 211, 22, 22, 211, 211, 111, 22, 2212, 22, 22, -211, 22, 22, 22, 22, 
Jet 46.1 Contains: 22, 22, 2212, 22, 211, 111, -211, 2212, 211, 130, 22, -1, 22, 22, 22, 111, 22, 22, 22, -211, 22, -15, 22, 22, 10441, 211, -211, 211, 22, 22, 
Jet 46.2 Contains: -211, 211, 22, 2112, 22, 22, 111, 22, 22, 310, 111, -211, 22, 22, 22, -211, 211, 22, 22, 22, 211, 321, 310, 
Jet 46.3 Contains: 211, 2, 211, 22, 22, 22, 211, 211, 22, 211, 211, 22, 22, -211, 22, 22, 211, 2112, 22, 22, -211, 22, -211, 211, -2212, 22, -2, 22, -211, 
Jet 46.4 Contains: 22, 22, 22, 22, -311, 22, 22, 22, 22, 22, -211, 130, 211, -211, -3212, 22, 111, -2212, 111, 
Jet 46.5 Contains: -211, 22, 211, 211, 22, 22, -2112, 22, 211, 211, -211, 22, -211, 21, 310, 211, 
Jet 46.6 Contains: 223, 22, 211, -211, -211, -211, 111, 22, -211, 111, 
Jet 47.0 Contains: -211, 130, 22, 211, 22, 111, 22, 22, 22, 211, 2212, 22, 211, 22, 111, 22, 22, 211, -15, -211, -211, 22, -211, 2112, 16, 
Jet 47.1 Contains: 22, 111, -321, 211, -211, 211, 211, 111, 22, 211, -211, 211, 22, -211, -211, 22, 
Jet 47.2 Contains: 22, 211, -211, -211, 22, 22, 111, -211, 22, 211, 22, 22, 111, -211, -211, 111, 111, 22, 
Jet 47.3 Contains: -211, 130, 321, 21, -211, 21, -211, 22, 22, -211, 22, 22, 22, 22, 22, 311, -211, -2212, -211, 22, 2212, 22, 2212, 211, 111, 22, 22, -2212, -211, 
Jet 47.4 Contains: 22, 211, 22, 211, 22, 22, 211, 22, 22, -211, -211, 22, 211, 111, 211, 
Jet 47.5 Contains: 22, -211, 22, -211, 111, -211, -2112, 22, 22, -211, -211, 22, 22, 22, -211, -211, 22, -211, 
Jet 47.6 Contains: -211, 22, 22, 22, 211, -211, 22, -321, 111, 22, 22, 22, 22, 310, 22, -211, 111, 211, -323, 22, 22, 22, 22, -211, 111, 211, 211, 11, 22, 211, 211, 22, 
Jet 47.7 Contains: 22, 22, 310, 211, 22, 22, 22, -211, -211, -211, 22, 22, -211, 
Jet 47.8 Contains: 22, 111, 22, 22, -211, 22, 211, 21, 22, 22, 22, 211, 211, 223, 22, 22, 211, 22, -211, 22, 22, 22, 111, 211, 
Jet 48.0 Contains: -321, -211, 2112, 211, 211, 211, 211, -211, 21, 22, -211, 211, 22, 310, 211, 2112, 111, 211, 
Jet 48.1 Contains: 22, 22, 111, 22, 22, 22, 2212, 22, -11, 310, 22, 22, 22, 22, 211, 22, 22, -211, -2212, -211, 211, 211, 211, 22, 
Jet 48.2 Contains: 22, 22, -3122, -211, 22, 22, 22, 22, 22, 15, -211, 321, 211, 22, 22, 
Jet 48.3 Contains: 22, 22, 22, 111, -16, -211, 211, 22, 22, 22, 310, -211, 211, -211, -211, 211, -211, 211, 22, 22, 310, 22, 22, 211, 
Jet 48.4 Contains: 130, -211, 22, -15, 22, 2112, 130, -321, 22, 22, -211, -211, 211, 22, 22, 22, -211, 22, 22, 22, 130, 
Jet 48.5 Contains: 130, -311, 22, 321, 22, 113, 22, -211, 321, 22, -211, 130, -2212, 22, 22, 
Jet 48.6 Contains: 310, 111, 22, 22, 22, 211, 211, 130, 22, -2212, 22, -211, 22, 
Jet 49.0 Contains: 23, 211, 22, 22, 111, 22, -2112, 21, 211, 223, 22, 21, 22, 211, 22, 22, 22, 22, 111, 
Jet 49.1 Contains: 21, 22, 22, 111, 22, 21, 21, 22, -2212, 22, 211, 22, 22, -211, 211, 22, 2, 2, 22, -2212, 211, 22, 22, -211, 22, 2212, 22, 22, 22, 22, 22, 22, 22, 211, -211, 
Jet 49.2 Contains: 22, 22, -3, 211, -211, -211, -213, 22, 211, 22, 22, 22, 321, 2112, 22, 22, 22, 21, 22, 21, 22, 22, 22, 22, 211, 
Jet 49.3 Contains: 111, 22, -321, 21, 22, 22, 22, 22, -211, -211, 22, -4, 111, -211, 22, 22, -211, 22, -321, 21, 22, 321, -211, 111, -211, 311, 21, 22, 
Jet 49.4 Contains: 211, 211, 22, -211, -211, 22, 130, 111, 22, 22, 21, 22, -211, 211, 22, 130, 211, 211, 211, 21, 111, -211, 21, 22, 21, 22, 22, 22, 22, 211, 211, 21, 22, 211, -211, 22, 22, 22, 22, -211, 21, 
Jet 49.5 Contains: 111, 22, 331, 21, -321, -2212, 22, 211, 21, 211, 22, 211, -211, 113, 111, 130, -2214, 321, 211, 22, 22, 130, 21, 211, 22, 22, 22, 
Jet 49.6 Contains: 21, 21, 2112, 22, 21, 21, 211, 22, -2224, 22, 211, 22, 21, 111, 16, 22, -321, 22, -211, 22, 22, 15, 21, 21, -211, 
Jet 49.7 Contains: 21, 22, 22, 21, 21, 21, 15, 211, -1, -211, 223, 21, 22, 23, -311, -2212, 211, 111, 22, -211, 211, 21, 111, 21, 22, 22, 22, 22, 21, 16, 21, 22, 321, 22, 21, -211, 22, 
Jet 50.0 Contains: 22, -211, 22, 22, 22, 111, -211, 22, 22, 22, 21, 211, -211, 22, 22, 22, 22, 22, 22, -211, -211, 22, 22, 22, 22, 
Jet 50.1 Contains: 22, 22, 22, -1, -211, 22, 22, 22, -211, 22, 111, 
Jet 50.2 Contains: -4, 211, 22, 111, 22, 22, -211, -211, 22, -211, -211, -211, -211, 111, 211, 22, 211, 311, 22, 22, -211, -211, 21, -211, 211, 
Jet 50.3 Contains: 22, 22, 111, 22, 211, 22, 22, 21, 211, 111, 22, 2, 
Jet 50.4 Contains: 130, -211, 22, -211, -211, 21, 22, 22, 211, 310, 11, 22, 22, 22, 211, 2112, -211, 22, -12, 130, 22, 111, 22, 22, -211, -211, 22, 22, -211, 22, -211, 22, -4, 22, 21, 21, 
Jet 50.5 Contains: 111, 213, 211, 22, 22, 22, 21, 22, 22, -3, 22, -321, 22, -211, 22, 211, 211, 321, -211, 22, 21, 3122, 22, 111, -211, 22, 130, 321, -15, 211, -311, 22, 111, -211, 
Jet 50.6 Contains: -211, 321, 22, -211, 22, 22, 113, 22, 2, 111, -3122, 22, 22, 211, 111, 22, 21, 22, 22, 211, 21, 22, -211, -211, 22, 22, 22, -211, 22, 22, 211, 11, 
Jet 50.7 Contains: -211, 22, 22, 22, -2212, 22, 111, 21, 211, 22, 22, 22, 21, 22, 22, 22, 21, -4, 
Jet 50.8 Contains: 211, 22, 111, 22, 211, 22, 223, 22, 22, 22, -211, 21, 22, 22, -211, 111, 21, -213, 22, 111, 22, 310, 2212, -1, 22, 22, -211, -2212, 211, 22, 
Jet 51.0 Contains: 2112, 22, 111, 310, 22, 22, 22, 22, 22, 22, 22, 321, 2112, 22, 22, 22, 22, 113, 22, 22, -211, 22, 111, 21, 
Jet 51.1 Contains: -3122, 2112, 22, 22, 310, 22, 22, 211, 21, 211, 22, 211, -1, 111, 111, 
Jet 51.2 Contains: 22, 22, 221, 22, 22, 22, 22, 22, 22, -211, 22, 22, 22, 211, 22, 211, 22, 22, 130, 321, -211, 22, 211, 111, 211, 22, 
Jet 52.0 Contains: -2112, 16, -211, 211, 111, 22, 311, 2112, 22, 211, -321, 211, 22, 22, 22, 22, 22, -2112, 22, -321, 311, 211, 21, 2112, 111, 21, 22, 22, 111, 3122, -2, 21, 22, 22, 22, 211, 211, -211, 
Jet 52.1 Contains: 111, 22, -1, 321, 22, 3, 111, 4, -2112, 22, 211, 21, 21, 21, -211, 21, 22, 22, -2, -211, 21, 21, 21, 21, 113, 22, 211, 111, 22, -2, 22, 22, 21, 22, -2112, 111, 211, 21, 21, -211, -211, -211, -211, 21, 22, -211, 
Jet 52.2 Contains: -211, 111, 211, 21, 22, 211, 22, 21, 211, 130, 111, -211, 22, 22, 111, 21, 130, 22, 130, 21, 21, 211, 21, 21, 22, 22, 10441, 22, 22, 23, 
Jet 52.3 Contains: 22, 22, 21, 22, 22, 21, 111, 21, 21, 22, 21, 22, 22, -211, 22, 22, 22, 22, 16, 21, 22, 111, -211, 211, 
Jet 53.0 Contains: 22, 310, 22, 22, -213, 321, 22, 111, 113, 111, 22, -211, 22, -211, 22, 130, 211, 22, 22, 22, 22, 
Jet 53.1 Contains: 22, -211, -211, 22, 111, 22, 111, 22, -211, 211, 211, 15, 22, 22, 321, -211, 22, 22, -211, 211, 15, -211, 211, -211, -313, 4114, 22, 310, 
Jet 53.2 Contains: -211, 22, -211, 130, 22, 211, 111, -211, 22, 22, 22, 22, 22, -211, 211, 22, 
Jet 53.3 Contains: -211, 22, 211, 22, 130, 22, 211, 111, 321, 21, 211, 111, 16, 11, -11, 22, 22, 22, 22, 22, -2112, 22, 22, 22, 22, 22, 22, 311, 22, 22, 
Jet 54.0 Contains: 3122, 111, 22, 22, -211, 21, 22, 22, 211, -213, 21, 22, -2212, -211, 22, -211, 22, 21, 211, 22, 22, 111, 23, -321, 321, 22, 22, 21, 130, 21, 10441, 22, 22, 22, -16, 111, -211, 21, 211, 22, 22, 22, 211, 21, 22, 211, 
Jet 54.1 Contains: 211, 21, -211, -211, -15, 22, 21, 22, -3122, 21, 213, 111, 22, 2212, 22, -211, -211, 22, 22, 22, -211, 111, 111, 21, 211, 22, 211, -4, 22, 22, 211, 
Jet 54.2 Contains: -211, 211, 113, 22, -211, 21, 211, 22, 22, 21, 22, 211, 211, 111, 22, 21, 22, 22, 22, 22, 22, -211, 22, 22, -211, -321, 22, 211, 22, 22, 22, -211, 22, 211, 211, 2212, 22, 2212, -211, 22, 2, 311, 22, 22, 
Jet 54.3 Contains: 22, 22, 130, 21, 22, 22, 211, 21, 111, 111, 211, 2, 22, 22, 21, 21, 211, 22, 211, 22, 321, 321, -211, 22, 111, 21, 22, 2, 211, 21, 
Jet 54.4 Contains: 22, 22, -211, -2212, 22, 22, 22, 22, 22, 22, 22, 22, 22, 22, 22, -1, 111, 21, 111, 15, 21, 2, 22, -15, 22, 111, 21, 22, 22, 
Jet 54.5 Contains: 22, 22, 22, 22, 22, 111, 22, 21, 21, 22, 22, -211, 22, -211, 21, 21, 22, 2112, 22, 211, 22, 111, 211, -2, 21, 111, 22, 113, 22, -211, 211, 22, 22, 21, 211, 
Jet 54.6 Contains: 22, 211, 22, 22, 22, 211, 22, 22, 111, 22, 211, 22, 22, 22, 21, 22, -211, 22, -11, 11, 
Jet 54.7 Contains: 22, 213, -211, 22, 211, 21, 111, 22, -211, 113, 22, 22, 321, -211, 22, 22, 22, 23, 21, 111, 22, 22, 22, 130, 21, 111, 21, 22, 
Jet 54.8 Contains: 211, 22, 22, 21, -3122, 111, 21, 22, 22, 22, -2114, 22, 21, 22, 22, 22, 22, 23, 22, 22, 311, 
Jet 54.9 Contains: 211, 21, 22, 21, 22, 21, 111, 2212, 130, 21, 22, -211, 16, 22, 211, -211, 22, 22, 22, 211, 22, 21, 2212, 111, 111, 111, 21, 21, 111, 111, 
Jet 55.0 Contains: 111, 22, -2112, 22, 111, 22, -211, 22, 211, 111, 22, 22, -321, 211, 22, 22, -211, 22, -16, 211, 2112, 2112, -211, 310, 211, 22, 211, -211, 
Jet 55.1 Contains: 22, 21, 111, 21, 321, 211, -211, 211, 323, 22, 22, 211, 22, 22, 130, 211, 22, 22, -211, 22, 22, 22, 22, 2212, -211, -211, 22, 22, 22, 22, 111, 
Jet 55.2 Contains: 211, 211, 22, 111, 21, 211, 22, 22, 22, -15, 211, 22, 3, 22, -211, 111, 111, 22, -321, 22, -213, 16, -1, 4114, 22, 22, 
Jet 55.3 Contains: 22, 22, 111, 22, 22, -11, 2214, 2112, 321, 111, -211, -311, 211, 22, 22, 22, 22, 211, -211, 22, -16, 22, -2114, 111, 
Jet 55.4 Contains: 22, 211, 111, 211, 22, 2212, 22, 22, -211, 22, 22, -211, 223, 22, 22, 22, 211, 22, 22, 22, 15, 211, 22, 111, 22, -2212, 22, 22, -15, -321, 22, 22, 130, 22, 22, -211, 22, -211, 
Jet 55.5 Contains: 211, 22, 22, 130, 211, 21, 22, 111, 22, 130, -211, 21, 21, 22, 111, -211, 22, -2112, 22, 
Jet 55.6 Contains: -211, -211, 22, -211, 22, 211, -211, 22, -321, 111, 22, -211, 22, -211, 22, 211, 22, -211, -211, 22, 211, 2, 22, 22, -2212, -1, 
Jet 55.7 Contains: -211, -211, 22, 21, 211, -321, 211, 22, 211, 111, 211, 22, 22, 22, 22, 22, -211, -2112, 211, -211, 310, 111, 
Jet 55.8 Contains: 22, 211, 22, 22, -2212, 22, 22, 211, 211, 211, 22, 22, -211, 21, 22, -211, 21, 111, 211, 211, -321, 22, 223, 211, 22, 22, 
Jet 56.0 Contains: 22, 21, 22, 22, 22, 21, 22, 16, 411, -2, 130, 22, 21, 21, 22, 223, 22, 211, 211, 211, 211, -211, -211, 
Jet 56.1 Contains: 21, 22, 211, 22, 22, 211, 113, 22, 21, -211, 21, 211, -211, -211, -211, 211, 
Jet 56.2 Contains: -211, 22, 22, 22, 21, -15, 22, 22, 111, 111, -211, 21, 111, 211, 22, 111, 22, 211, 111, 211, -211, 22, -211, 22, 22, 130, 211, 211, 211, 223, 321, 321, -211, 22, 22, 22, 22, 22, -211, 22, 22, 22, 2, 22, 21, 21, 22, 21, -211, 22, 22, 22, 22, 22, -211, -211, 22, 22, 22, -3, 211, -211, 211, 211, 22, 22, 
Jet 56.3 Contains: 22, -211, 21, 22, 22, 22, 22, 22, 22, 21, 111, 22, 111, 310, 22, 21, -211, 22, 211, 22, 22, 21, 22, 21, 2, 313, 21, 21, 
Jet 56.4 Contains: 130, 111, 113, 22, 211, -2114, -211, 21, 22, 22, 22, 2, 310, 22, 21, 22, 22, 22, -211, 22, 111, 22, 311, 111, -211, 111, 223, 323, 211, -2212, -211, -2212, 211, -311, 
Jet 56.5 Contains: 22, 21, 3122, 211, 21, 22, 22, 1114, 22, -211, 223, 111, -211, 111, 21, 22, 21, 22, 22, -313, 211, -211, 22, 113, 22, 22, -211, 22, 22, 22, 21, 211, 21, 22, 22, 211, 22, 211, 22, 21, 2112, 22, 21, 22, 22, -2112, 
Jet 56.6 Contains: 21, 22, 321, 2, 211, -3, 22, 321, 21, 22, 21, 311, 21, 22, 22, 213, 22, 21, 321, -3, 22, 22, 2212, 21, -211, -211, 221, 21, 21, 22, 211, 21, 22, 22, 130, -3, 22, 21, 22, 22, 111, 211, 310, 22, 22, 111, 22, 211, 22, 
Jet 56.7 Contains: 310, -2212, 22, -1114, 22, 16, 21, 21, 223, 22, 21, -16, 21, 22, 4122, -211, 111, 22, -2112, 22, 22, 211, 211, 21, 21, 211, 22, 111, 4, 22, 22, 22, 22, 111, 
Jet 56.8 Contains: 22, 21, 21, 22, 22, -2224, 22, 22, 22, 21, 211, 22, 21, 22, 22, 21, -211, 21, 4, 21, 21, 22, -1, 22, 21, 211, 21, 21, 21, 21, 22, 130, 22, 22, -211, 111, 22, 111, 
Jet 56.9 Contains: 211, 22, 22, 223, -211, -211, 22, 22, -4, 22, 22, 22, 22, -321, 22, 22, 2212, -2212, 2112, -15, -3122, 310, 22, 211, -211, 111, -211, 211, 111, 2, -4, -211, -211, 22, 211, 111, 22, 
Jet 56.10 Contains: 21, 211, 22, -211, 211, 21, 211, 21, 111, 310, -211, 111, 111, -15, 22, 21, 22, -321, -211, 111, 21, -16, 21, 21, -211, 22, 223, 22, -211, 211, 211, -211, 22, -16, 21, -211, 22, 111, 21, 111, 211, 2, 111, -211, 
Jet 56.11 Contains: 111, 22, -211, 111, 221, -3122, 113, 22, 22, -211, 21, 111, 22, 213, -211, 22, 111, 111, 22, 22, 22, 22, 16, 21, 22, 111, 22, 211, -313, -211, -321, 221, 111, -4, 22, 22, 111, -211, 21, 
Jet 56.12 Contains: 22, 22, 22, 21, -211, 21, 22, 22, 22, 211, 22, 22, 111, 111, 211, 21, 22, 21, 22, 22, 22, 22, -211, 22, 22, 21, 211, 22, 111, 2214, 111, -321, 21, 211, -211, -211, 111, 310, 211, 
Jet 56.13 Contains: 22, 22, 21, 21, -2, 22, 211, 111, 22, 211, 22, 21, -211, 22, 211, 23, 21, -3, 211, 21, 211, 311, 22, 21, 22, 22, -211, 21, 22, 22, 21, 213, 22, 22, 111, 21, 211, 211, 22, 22, 
Jet 56.14 Contains: 22, 22, 321, 211, -321, 2, 22, -321, 22, 22, 21, 21, 130, 22, 22, 22, 211, 2, 211, 130, 3, -3122, 22, -211, 22, 111, 211, 22, 22, -2212, 22, -211, 211, 111, -211, 22, 22, 21, -311, 211, 21, 111, 22, 213, 22, 323, 321, 111, 22, 3122, -211, -211, -311, 
Jet 57.0 Contains: -321, -211, 223, 15, -2114, 130, 21, -211, -211, 22, 211, 22, 111, 111, 130, 211, 211, 2, 211, 22, -211, 22, 311, 211, 111, 22, 22, 211, 22, -211, 211, 211, 211, 22, 22, 22, -4122, 22, 22, 2212, 
Jet 57.1 Contains: 113, -11, 22, 21, 111, 15, 22, 22, 111, 111, 22, 22, -313, 22, 22, 21, 111, 22, 211, -211, -321, 2112, -321, 22, -311, -213, 22, 22, 111, 22, 21, 21, 22, 
Jet 57.2 Contains: 111, 310, 211, 313, 211, -211, -211, -1, 22, 21, 22, -211, 211, 211, 22, 22, 21, 211, 111, 211, 22, 313, 211, 211, 22, 211, -16, 111, 21, 2212, -211, 22, 111, -1, 21, 111, 22, 22, 221, 
Jet 57.3 Contains: 22, 21, 22, 22, 211, 22, 22, 211, 22, 211, 211, 211, 111, 22, 211, 21, 22, 22, -213, 22, 22, 211, -311, 22, 211, 22, 211, 21, -211, -2, 
Jet 57.4 Contains: 22, 2112, 22, 211, 22, -211, 4114, -211, -2114, 22, 211, 211, 211, 22, 21, 22, 211, 22, 22, 22, 311, 22, 211, -211, 22, 221, 22, 111, 22, 223, 211, 21, 22, -211, 
Jet 57.5 Contains: 22, 22, 130, 211, 22, 111, 130, -211, 22, 22, -311, 22, 22, -211, 22, 211, 22, 22, -211, 22, 111, 311, 21, 211, 22, 223, 
Jet 57.6 Contains: 22, 211, -213, 22, 211, 22, 21, 111, 22, 22, 22, 22, 211, 22, -321, -211, 22, 22, 22, 211, 22, 22, 22, 211, 22, 211, -211, 22, -211, 22, -211, 22, 22, 
Jet 58.0 Contains: 211, 22, 211, 130, 211, 22, 22, -321, -211, 22, 22, 22, 211, 22, 22, 22, 22, 22, -211, -211, 22, 22, 22, 211, 22, 22, 211, 22, -211, 
Jet 58.1 Contains: 22, -211, 211, 211, 2212, -211, 130, -211, 22, 2212, 321, 22, 22, -321, 211, 211, 11, 22, 211, 211, 
Jet 58.2 Contains: 130, 22, 22, 211, 130, 22, -211, -211, -211, 22, 321, 22, -211, 2212, 
Jet 58.3 Contains: -321, -211, -321, 22, -211, 22, 211, 211, 211, 
Jet 58.4 Contains: 211, 22, 11, 2212, 211, 211, 211, -211, 22, 22, 211, 211, 211, 22, 
Jet 58.5 Contains: 22, -211, -211, 22, 22, 22, 22, -211, 22, 22, 22, 22, 211, -211, 211, 22, 211, 22, 22, -211, 22, 
Jet 59.0 Contains: 21, -211, 21, 21, -211, 21, 2, 22, 22, -1, 21, -311, 22, 22, 211, 21, 130, 113, 22, 22, 21, 111, 22, 321, -211, 22, 22, 22, -211, 22, 1, -2112, 
Jet 59.1 Contains: 22, 22, 22, 211, 21, 21, -211, 211, 21, 22, 22, 22, 22, 22, 22, 21, 22, 130, 22, -11, 130, 211, -211, 22, 2212, 22, 21, 21, 22, 22, 22, 21, -311, 21, 111, -323, 21, 22, 21, 2112, 211, 111, 22, 22, 321, -211, 130, 
Jet 59.2 Contains: -211, 21, 211, -211, -211, 22, 111, 21, 113, 11, -211, 22, 21, 22, 21, 21, 21, 21, 21, 21, 1, 21, 211, 21, 21, -2212, 21, 2212, 22, 22, 130, 21, 223, 22, 211, 211, -1114, 22, 21, 22, 22, 
Jet 59.3 Contains: -211, 21, 211, 22, -211, 21, -211, 211, 21, 211, 21, 21, 111, 3, -213, 111, -211, 211, 21, 21, 22, -211, 130, 22, -211, 21, 22, 211, 22, 22, 111, 211, -211, 22, 22, 223, 211, 211, 130, 22, 22, 22, 211, 211, 21, 211, 22, 22, 
Jet 59.4 Contains: 111, 21, 22, 22, 1, 22, 21, 21, 21, -211, 21, 22, 21, 22, 223, 23, 21, 
Jet 59.5 Contains: 211, 22, -2212, 21, 22, -211, 21, -1, 211, 22, 21, 21, 21, 1, 111, 21, 21, 211, 21, 21, 22, -211, 22, 21, 21, 22, 211, 22, -1, 310, 211, 22, 22, 310, 21, 21, 21, 21, 1, 2112, 21, -211, -3, 21, 21, 
Jet 59.6 Contains: 211, -211, 21, 21, 211, -211, 21, 2112, 21, -211, -3122, 22, 22, 22, -211, 211, 21, 22, -211, 21, 21, 22, 21, 3, -321, 21, 111, -211, -211, -2, 22, 22, 113, 
Jet 59.7 Contains: 22, 21, -211, -1, 22, 22, 211, 21, -1, 311, 211, 21, 21, 21, 111, 22, 211, 3, 21, 
Jet 59.8 Contains: 22, -321, 22, 211, -211, 22, -211, 22, -313, 211, 21, -3, 15, 22, 111, 22, 22, 211, 22, 21, 22, 
Jet 59.9 Contains: 22, 21, 21, 21, 22, 221, 22, 211, 111, -211, 211, -211, 211, -211, 211, -311, 21, 211, 21, 21, -211, 211, -211, 211, 21, 23, 22, 
Jet 59.10 Contains: 21, 22, 111, 21, 21, 22, -321, 211, -2212, 22, 21, -211, 22, 21, 111, 21, 22, 211, 22, 22, 21, 21, 22, 21, 22, 21, 2, 22, -211, 211, 213, 22, 111, 111, 111, -2212, 211, 211, -211, -211, 111, 21, -211, -211, 
Jet 59.11 Contains: 111, 21, 111, 21, 22, 22, 21, 22, 22, 22, -3, 21, 22, 111, 2212, 21, 21, -211, -313, 21, 21, 22, 22, 21, -211, 21, 211, -211, 21, 22, 211, 21, 22, 111, 21, 
Jet 59.12 Contains: 111, 21, 21, 22, 21, 22, 111, 22, 221, 21, 3122, 21, 21, 213, 22, 130, 22, 21, 22, 21, 21, 113, 21, 2, -211, 21, 22, 22, 
Jet 59.13 Contains: 22, 21, 211, -1, 21, 21, 21, 21, -2112, 211, 22, 21, -213, 21, 22, 21, 21, 22, 22, 21, 21, 22, -211, 21, 
Jet 59.14 Contains: 21, 21, 211, -311, 111, 21, 211, 21, 211, 21, 21, 22, -3, 22, -313, 21, 21, -323, 
Jet 60.0 Contains: 22, 211, 22, -211, 211, 22, 22, 21, 21, 22, 111, 21, 22, -211, -211, -211, 211, 21, 211, -2, 22, 22, 22, 21, 3, 22, 22, 111, -3, 21, 111, 22, 
Jet 60.1 Contains: 211, -211, 1, 21, 21, 21, 22, -211, 21, 22, 22, 211, 22, 211, -211, 211, 211, 111, 22, 21, 22, 21, 2212, 22, 22, -213, 22, 22, 22, 211, 211, 130, 221, 211, 22, 2112, -211, 211, 22, -1, 21, 22, 21, 22, 22, 21, 21, 22, 2212, -2112, 22, 111, 
Jet 60.2 Contains: 21, 211, 113, 21, 213, 22, -1, 21, 22, 21, 21, 21, 21, 113, -2, 21, 22, 211, 22, -211, 21, 211, -211, 21, 21, 21, 211, 22, 223, -321, -211, 22, -211, 111, -321, -211, 22, 21, 
Jet 60.3 Contains: 2212, 21, 130, -3, 21, -2, 21, 310, 211, 211, 22, 21, 22, 223, 211, 22, 21, 22, 211, 321, -3, 21, 211, 21, 111, 22, 21, 21, 15, 111, 21, 211, 2212, 223, 21, 22, 22, 21, 22, 111, 21, 
Jet 60.4 Contains: 130, 221, 211, -211, 22, 211, 111, 21, -2212, 22, 2, 22, 22, 21, 321, 21, 211, 22, 211, 22, 22, 21, 211, -211, 211, 213, -2112, 22, 211, 21, 
Jet 60.5 Contains: 111, 211, 22, 111, 21, -211, -2212, 211, -211, 21, 21, -3, 211, 22, 21, 22, 310, 21, 21, 321, 22, -211, 113, 22, 21, 111, 21, -213, 21, 21, 113, 21, 21, 22, 211, -323, 310, 
Jet 60.6 Contains: 111, 21, 21, -211, -211, 21, 3122, 21, -211, 22, 21, 22, 1, 21, 111, 21, 310, -211, 21, 21, 211, 211, 22, 22, 21, 22, 211, 
Jet 60.7 Contains: 22, 21, 221, 22, -1, 22, 21, -211, 211, 211, -1, 111, 22, -1, 21, -211, 21, -211, 211, -211, 22, -211, 21, -321, -211, 111, 22, 21, 21, 21, 21, 22, -1, 22, -211, 21, 21, 111, 2112, 213, 23, 223, -321, 
Jet 60.8 Contains: -211, 113, 21, -211, 21, 213, -211, 21, 21, 1, -311, -321, 21, 321, 130, 22, 111, 21, 211, -211, 21, 22, 22, 22, 22, 21, 130, 21, 
Jet 60.9 Contains: 111, 21, 310, 21, 22, 21, -211, 22, 21, 21, 22, 22, 2112, 21, 2114, 130, 22, 22, 213, 
Jet 61.0 Contains: 22, 321, 21, -211, 211, 311, -211, 211, 223, 111, -211, -211, 21, 
Jet 61.1 Contains: 111, 21, 411, 21, 22, 3, -211, 21, 21, -211, 21, 22, 22, -311, 21, 211, 22, 21, 310, 22, 21, 21, 22, 111, 21, 21, 211, -211, 111, 22, 21, -211, 21, -2112, 21, 211, 221, 22, 22, -1114, -211, 22, 111, 
Jet 61.2 Contains: 211, -4, -2212, 22, 111, -211, 21, -3122, 310, -321, 21, 321, 21, 21, 211, 21, 3, 21, -211, 111, -2112, 22, 21, 223, 22, 21, -3122, 
Jet 61.3 Contains: 111, 111, 21, 113, 211, 111, -211, 22, 21, 21, -4, 2, 21, -211, 22, 22, 4, 21, 211, 21, 211, 21, 111, 21, -1, 21, 113, 21, 3, 21, -211, 21, 211, -2214, 2, 21, 223, 211, 21, -211, 211, 21, 2212, 22, 211, 21, 22, 21, 21, 211, 310, 321, 22, 21, 
Jet 61.4 Contains: 211, 23, -3, 22, 21, 21, 1, -211, 21, 22, 22, 22, -211, 22, 21, 211, 21, 21, 211, 111, 21, 22, 22, 22, 21, -213, -311, 2112, 22, -3, 21, 22, 310, 111, 21, -2112, 22, 21, 211, 21, 21, 211, 21, 22, 3, 21, 22, 211, 
Jet 62.0 Contains: 22, 111, 22, 311, 22, 111, 22, 21, 21, 3, -321, 113, 22, 211, 22, 211, 21, 211, 21, 213, 113, 21, -211, 321, 21, 22, 211, 21, 
Jet 62.1 Contains: 21, 111, 21, 22, 22, 22, 21, 22, 22, 21, 22, 22, 211, 111, -211, 22, 22, 130, 22, -211, 211, 22, 21, 22, 22, 22, 22, 22, 22, 22, 211, -211, -211, 21, 2, -311, 22, 111, 21, 22, 111, 
Jet 62.2 Contains: 211, -321, -2212, 21, -16, 22, -211, 22, 111, 111, 21, -211, 211, -211, 22, 22, -211, 21, 21, 21, 22, 111, -211, 22, 111, 111, -11, 221, 1, 211, 21, -211, 15, 22, 311, 211, 310, 
Jet 62.3 Contains: 211, 2112, -2212, 21, 211, 21, 21, 21, 22, 21, 21, 21, 21, 21, 21, 21, 21, 
Jet 62.4 Contains: 21, 111, -211, 211, -321, -211, 21, 22, 22, 211, 21, 221, 22, 22, 22, 21, 21, 21, -211, 21, 21, 21, 22, -211, 21, 22, 22, 22, -311, 111, 113, 211, 22, -311, 
Jet 62.5 Contains: 21, 21, 21, 21, 111, 23, 21, 111, -313, 21, 211, 21, 211, 22, 21, 22, 21, 
Jet 62.6 Contains: 211, 21, 22, 22, 22, 21, -321, -211, 21, 22, 22, 211, 111, 111, 22, 21, 211, -211, -211, 22, -321, 22, 211, 21, -211, 21, -211, 22, 21, 22, 21, 3314, 211, 21, 21, 
Jet 63.0 Contains: 111, 130, 21, 22, 21, 111, 21, -3, -211, -211, 22, 211, 22, 21, -211, -211, 111, 211, 22, 21, -211, 22, 21, 211, -211, 211, 211, -211, 22, 
Jet 63.1 Contains: 211, 211, 310, 111, 21, -211, 22, 130, 211, 111, 22, 22, 21, 2212, 21, 211, 211, -2, 22, 2, -321, 22, 22, 111, 21, 21, 111, 310, 21, 22, 22, -211, -211, -213, 211, 22, 3, 22, -3, 223, -211, -321, 211, 22, -211, 21, 
Jet 63.2 Contains: 111, 313, 22, 111, -211, -311, 21, 21, 21, 22, -211, 2212, 2112, -2212, 321, -2212, 22, -2212, 22, 21, 22, 22, 22, 130, 22, 22, -321, 
Jet 63.3 Contains: 3, 22, 21, -3, 21, 113, 21, 22, 21, 21, 21, 3314, 21, 21, 21, 21, 22, 130, -211, 22, 22, 21, 111, 21, -211, -211, 22, 21, 22, 21, 1, -313, 22, -211, 21, 21, 21, 1, 21, 21, -311, 
Jet 63.4 Contains: 22, 22, 310, 211, 311, 22, 2112, 211, 22, -2212, 21, 22, 21, 22, 22, 22, 211, 22, 21, 2112, 22, 111, 310, -211, 211, -2112, 21, -2212, 211, 22, 21, 211, 21, 111, 22, 111, -211, 2212, -211, 321, 211, -211, 21, -211, 211, -211, 22, 22, 22, 
Jet 63.5 Contains: 21, 21, -213, 22, 22, 22, 213, 211, 22, 22, 22, 211, 21, 22, 130, 21, 21, -211, -211, 21, 21, -211, -211, 22, 22, 22, -211, 22, -211, 21, 2, 111, 22, 311, -211, 321, -321, 22, 22, 
Jet 64.0 Contains: 22, 223, 21, 22, 22, 22, 213, -211, 22, 21, 130, 2, -211, 22, 22, 2112, 111, -1, -2212, 21, 211, 22, 22, 22, 
Jet 64.1 Contains: 211, 21, 22, -211, 111, -211, 111, 22, 211, 111, 22, 21, -211, 311, 21, 211, -211, -211, 2212, 21, 22, -211, 22, 113, -211, 22, 22, -211, -321, 321, 21, 
Jet 64.2 Contains: 22, 22, 3, -211, 211, 21, 22, 2112, 21, 211, 21, 22, 22, 22, 22, 130, 211, 21, 22, 22, 22, 211, 21, -211, 22, 21, -211, 321, 21, 211, 211, -211, 2212, 21, 21, 111, 111, 3122, -2112, 
Jet 64.3 Contains: 221, -2112, 22, -211, -16, -313, 22, 22, 21, 111, 1, 22, 22, 22, 22, 21, 22, 21, 21, -211, -321, 321, -211, 111, 22, -2112, 22, 
Jet 64.4 Contains: 22, 22, 130, 2212, -211, 22, 22, 22, -2212, -211, 22, 321, 111, 211, -211, 22, 21, 22, 22, 22, 22, 22, 130, 130, -211, 2, 22, 22, 22, 22, 22, 22, 22, 22, 22, -211, 130, 22, 22, 22, 22, 
Jet 64.5 Contains: 22, 22, 111, 211, -211, 22, -311, 22, 211, 111, 21, -323, 22, 22, 22, 22, 211, 21, 21, 21, 21, -211, 113, 22, 21, 22, -211, 
Jet 64.6 Contains: 22, 22, 211, -211, 22, 2112, 111, 21, 22, -211, 211, 21, 21, 1, 22, 313, -313, 22, 21, 130, 111, 211, 
Jet 64.7 Contains: 211, 22, 22, -323, -211, 323, 22, 21, 113, -211, 111, 22, 22, 21, 3, -321, 1, 
Jet 64.8 Contains: 22, 21, 22, 211, 111, 21, 2112, 22, -3122, 21, -213, 21, 21, 22, 22, 310, 22, 111, -211, 111, 22, 21, 3, 
Jet 64.9 Contains: 22, -211, 22, 22, 211, 22, -211, 111, 22, 22, 211, 111, 111, 22, -211, -211, 22, 22, 22, 
Jet 65.0 Contains: 21, 22, 22, 21, 21, -321, 111, 21, 21, -213, 130, 22, 111, 2, 223, 22, 22, 21, 21, 211, 130, -2, 
Jet 65.1 Contains: 21, -311, 211, 22, 22, 22, 21, -211, 22, -3122, 21, 21, 21, 22, -211, -213, 21, 211, 211, 111, 211, 21, 211, 211, 223, 23, 21, 22, 321, 1, 21, 310, 21, 22, 21, 221, 21, 22, 21, -2, -2, -211, 21, 22, 22, 21, 22, 21, 2, 
Jet 65.2 Contains: 21, 21, 21, 22, 22, 21, 130, 111, 21, 223, 111, 211, 21, 22, 130, 21, 21, 21, 21, 21, 22, 21, 21, 22, 21, 21, 4, 21, 21, 21, 21, -211, 21, 21, 21, 21, 21, 21, 21, 22, -213, 211, 130, 21, 130, 22, 21, 22, 111, 21, 111, 21, 22, 310, 21, 111, 21, 21, 21, 21, 
Jet 65.3 Contains: 211, -1, -213, -211, 22, 211, 223, 21, 21, 21, -2112, 21, 3, 22, 22, 111, 21, 21, 21, 21, 21, 1, 22, 21, 21, 22, -211, 21, 21, 3, 211, 21, 22, 21, -211, 21, -211, 1, -213, 21, 21, 21, 21, 213, -211, 111, 21, 211, 21, 21, 21, 3312, 21, 22, 3, 3, 22, 21, 21, 22, 
Jet 65.4 Contains: 21, 1, 21, -2112, -4, 111, 22, 21, 21, 21, 4, -211, 113, 21, 21, 21, 21, -211, -211, 22, -213, 310, 111, 21, -213, 21, 21, 22, 211, 
Jet 65.5 Contains: 22, 21, -1, 21, 21, 111, 21, 21, 21, 21, 21, 22, 21, 111, 211, 22, 111, 21, 21, 21, 22, -1, 21, 22, 21, 22, 310, -311, 21, -213, -211, 21, -1, -1, 22, 211, -211, 21, 21, 21, 21, 21, 21, 21, -1, 21, 21, 21, 
Jet 65.6 Contains: 211, -211, 21, -211, 111, 22, 21, 21, 22, 21, 21, 21, 211, 21, 21, 21, 111, 1, 21, 111, 22, 22, 22, 21, 313, 111, 22, 21, 111, 111, 21, 111, 21, 21, 211, 21, 22, 223, 21, 313, 211, 22, 21, 22, 21, 311, 130, 22, 2, -211, 21, 3, 22, 22, 22, 1, 21, 211, 21, 2212, 22, -15, 21, 22, 21, 21, -211, 
Jet 65.7 Contains: 213, 3, 111, 21, -15, 3322, 21, 22, 21, 211, 21, 321, 2, -311, 22, 111, 2, 21, 1, 2, 21, 22, 22, 22, 21, 21, 21, 21, 211, 21, 22, 22, 211, 21, 22, 211, 310, 21, 211, 21, 22, 21, 323, 2212, 
Jet 65.8 Contains: 21, -211, 22, 22, 21, 113, 21, 22, 221, 111, -211, 22, 310, 211, 22, 21, 21, -211, 111, 21, 111, 22, 22, -211, 22, 21, 22, 211, 21, 21, 21, 21, 21, 22, 
Jet 66.0 Contains: 22, 21, 22, 21, 310, -211, 111, 213, 21, 22, 21, 22, 21, 22, 111, 21, 22, 211, 22, 111, 130, 22, 22, 211, -211, 321, 22, 22, 
Jet 66.1 Contains: 22, 211, 223, 213, 21, 211, -323, 22, 21, 22, 111, -2112, 111, 22, 211, 21, -211, 21, 21, -211, -1, 22, 
Jet 66.2 Contains: 12, 22, 21, 22, 21, 21, 21, -211, 21, 130, 211, -211, 21, 211, 21, 22, 21, 22, 21, 22, 21, 130, 211, 22, 21, 21, 21, 22, 310, 22, 21, -211, 21, 211, 111, 21, 21, 
Jet 66.3 Contains: 2212, 21, 21, 22, 22, 111, 22, 211, 211, -211, 22, 21, 22, 211, 21, -321, 21, 22, 111, 321, 211, -211, 22, 22, -211, 21, -321, 21, 211, 211, 21, 22, 21, 22, 22, -213, 211, -211, 22, 22, 22, 22, 22, 22, 22, 
Jet 66.4 Contains: 22, -211, 22, 2112, 211, 211, 22, 22, 21, 21, -211, 211, 22, -313, -321, 21, 111, 111, 22, 21, -211, -11, 22, 21, 22, 21, 22, 22, 111, 22, 211, 21, 211, 211, 22, 111, 22, -211, 22, 21, 111, 
Jet 66.5 Contains: 22, 21, -211, -321, -311, 21, 211, -211, 211, 22, 221, 22, 211, 22, 111, 211, 22, -211, 22, 311, 321, 3222, 111, 22, 2, 21, 311, 22, 211, 130, 21, 22, -211, 310, 111, 211, 22, 310, -2112, 111, 
Jet 66.6 Contains: -311, 22, 310, 21, 22, 211, 130, 21, 21, 22, 21, 21, 311, 22, 22, 21, 111, 21, 22, -321, 22, -211, 3122, -4, 21, 111, 21, 2, -2112, 22, 21, 211, 22, 22, 21, 211, -211, 
Jet 66.7 Contains: 21, 311, 211, 111, -211, 111, 22, 21, 21, 111, -213, 211, 22, 21, 22, 21, 310, 3314, -211, 321, 321, 22, 21, -211, 22, 3, 211, -311, 22, 22, 22, 211, 113, -211, -211, 21, 21, 21, 22, 
Jet 67.0 Contains: 21, 2212, -211, 22, 22, 22, 21, -11, 22, 211, 22, -213, 21, 22, 21, 22, 21, 21, 21, 21, 22, 22, 21, 22, 22, 21, 22, 22, 22, 21, 21, 21, 211, 21, 310, -1, 22, 22, 22, -211, 22, 2112, 22, 211, 22, 
Jet 67.1 Contains: 310, -11, 3, 22, -211, 111, 211, 21, 21, -1, 111, 22, 21, 21, 21, -211, 22, 111, 21, 22, -211, 211, 211, 22, 22, 22, 321, 211, 21, -211, 22, 21, 111, 21, 22, 111, -311, 22, 21, -211, -211, 111, 22, 22, 22, 22, 211, 21, -211, 22, 22, 21, 22, 321, 22, 310, 310, 
Jet 67.2 Contains: -211, -211, 211, 22, 22, 22, 22, 16, 3, 22, 21, 21, 21, 21, 1, 22, 111, 2212, -211, 22, 21, 111, 111, 22, 313, -311, 21, -211, 21, 
Jet 67.3 Contains: 310, -211, 111, 21, 21, 22, -2114, 211, -311, -211, -3, 22, 323, 21, -2112, 310, 22, 21, -211, 22, 211, 21, 21, 22, 111, 22, -211, 22, 213, 22, 22, 211, 22, 
Jet 67.4 Contains: 211, -211, 111, 22, 22, 21, 21, 211, 211, 21, 310, 111, 23, 211, 22, 211, 22, 22, 211, -3122, 22, -211, 21, -211, 111, 321, 111, 22, 22, 
Jet 68.0 Contains: -211, -211, 22, 22, 2, 22, 21, 22, 22, 211, 21, 21, 111, 22, 21, 111, 22, -211, 22, 21, 22, -213, 21, 21, 15, 22, 22, 22, 111, 21, 21, 
Jet 68.1 Contains: 111, 21, 113, 21, -11, -321, 211, 22, 21, 21, 211, 22, 22, 22, 21, 21, 311, 22, 2212, 111, 22, 22, 21, 111, 223, -211, 22, 2, 211, -211, 21, 22, 21, 22, 21, 111, 2, 1, 21, 22, 21, 22, 2, 23, 2, 2, 
Jet 68.2 Contains: -2112, 211, 22, 22, 130, 22, 211, 211, 22, 22, 21, 22, 22, 22, 22, 21, 22, 111, 22, 22, 22, 22, 22, 22, 313, -211, -211, 22, 22, -211, -211, 211, 211, 22, -211, 21, 22, 321, -211, 21, 211, 21, 22, 
Jet 68.3 Contains: -211, -211, -211, 111, 321, -211, 211, 22, 22, 22, -2112, 310, 22, 111, 22, 213, -211, 22, 22, 211, 211, 22, 211, -211, 211, 21, 22, 130, 22, 22, 211, 22, 211, 
Jet 68.4 Contains: -211, 22, 21, 311, 111, 111, -211, -213, 113, 22, -211, 22, -323, -211, 130, 22, 211, 22, 130, 22, 211, 21, -211, 22, 22, -321, 130, 213, 22, 111, 22, 
Jet 69.0 Contains: 22, 1, 311, 21, 211, -211, -211, 211, 211, 321, -1, -321, 111, 22, -2212, -321, 21, -321, 22, 22, 22, 22, 22, 22, 21, 223, 22, 22, 22, 22, 113, 211, 211, 22, 21, 22, 22, 2112, 
Jet 69.1 Contains: 22, 22, 22, 211, 22, 21, 211, -321, 22, 211, 22, 22, -211, 22, 211, -211, 22, 1, 22, 111, 22, 3, 21, 21, 22, 22, 111, 21, 22, 22, 
Jet 69.2 Contains: 211, 2212, 22, 111, 16, 2112, 211, 211, 22, 22, 111, 21, 22, 22, 311, 211, -211, 21, 22, 111, 22, 111, 22, -2112, 211, -211, 22, 130, 221, 22, 130, 22, 22, 22, -211, 111, 
Jet 69.3 Contains: 321, 22, -211, 21, 211, 22, 111, 22, -211, 211, 21, -2212, 22, 211, 211, 22, 111, 111, 22, 21, 22, 22, 22, 3, 22, 21, 22, 22, -211, 22, 211, 
Jet 69.4 Contains: 130, 21, 22, 22, 22, 22, 21, 22, -311, 22, 22, 23, 111, 21, 22, 211, -3, 211, 111, 22, -2112, 22, 130, 22, 22, 22, -211, 
Jet 70.0 Contains: 22, 22, 21, 22, 22, -211, 211, -211, 2, 111, 211, 22, 22, 22, -211, 22, -2212, 21, 22, 22, 22, -211, -211, 22, 22, 22, -1, 310, -211, 211, 211, -211, -1, 22, 22, 
Jet 70.1 Contains: 130, 2212, 22, 22, 21, 22, 211, 21, 21, 1, 21, -211, 211, -211, 111, 211, 22, -3, 22, 111, 21, 22, 211, 22, 22, 21, 22, 22, 211, -211, -211, 2, -211, -15, 1, 22, 21, 211, 21, 22, 21, 22, -3, -1, 22, 21, 
Jet 70.2 Contains: 21, 3222, 310, 22, 21, 22, 21, 21, 111, 22, 130, 221, 211, 113, 111, 22, 211, -211, 113, 
Jet 70.3 Contains: 3, -211, 211, 22, 211, -211, 22, 22, -211, 21, 22, 211, 22, 111, 21, -211, 211, -211, 22, 2114, 22, 130, -211, -311, 
Jet 70.4 Contains: 211, 21, 21, 22, 22, 211, 211, 22, 21, 21, 22, 22, 21, -211, 22, 211, 22, -3, 22, 22, 22, 
Jet 71.0 Contains: -311, 211, 21, 111, 22, -213, 22, 111, -2112, 21, 211, 22, 211, 21, -211, 22, 22, 211, -3122, 21, -211, 22, 113, -211, 111, 211, -2112, 21, 111, -211, -211, 21, 22, 22, 
Jet 71.1 Contains: 21, 3, 21, 21, 21, 22, 321, 21, 21, 21, 1, 111, -313, -211, 21, 21, 211, 2112, -211, 22, 211, 22, 
Jet 71.2 Contains: 130, 211, -3, 21, -3, -213, 21, 22, 21, 21, 21, 311, 2112, 21, -211, -2112, 21, 22, 130, 211, -211, 3, -3, 22, -211, -211, 21, 2112, -211, 22, 211, 22, 211, 21, 211, -2, 22, 310, -321, 21, -211, 
Jet 71.3 Contains: 111, 22, 21, 111, 22, 21, 21, 21, 22, 111, 21, 22, 22, 22, 3, 21, 22, 22, 22, -211, 22, 22, 111, 111, 22, 2, 
Jet 71.4 Contains: 22, 21, 22, -211, 211, 2112, 21, 21, 311, 211, 22, 22, 21, 22, 111, 22, 21, 21, 21, 21, -211, 321, 21, 21, -3, 22, 22, 211, 313, 21, 3, 3, 22, 3, 111, 
Jet 71.5 Contains: 21, -211, 111, 22, 22, 22, 22, 211, 21, 111, 21, 21, 21, -211, 2, 22, 22, -2112, 22, 21, 310, 21, -311, 21, -2112, 311, 22, 22, 111, 22, 3, -16, 22, -1, 22, 310, 21, 1, 21, 
Jet 72.0 Contains: 21, 21, 22, 211, 223, 211, 111, 221, 211, 21, 21, 111, 21, 21, 310, 22, 22, 321, 111, 22, -211, 211, 21, 21, 21, 22, 22, 22, 221, 22, 22, 22, 21, 22, 22, 22, 111, -211, 22, -211, 111, 22, 21, -2, 21, 311, 21, 21, 22, 22, 21, 
Jet 72.1 Contains: 211, 3, 21, 22, 211, 22, 21, 310, 22, 22, 211, 1, 211, 22, 21, 22, 22, 22, 21, 22, 211, 22, 22, 21, 113, 22, 22, 22, 223, 22, 21, 21, 321, 22, 313, -211, 211, 22, 21, 22, 21, 22, 111, 211, 21, 111, 2112, 1, -3, 22, 22, 22, 
Jet 72.2 Contains: 22, 21, 21, 22, 111, 211, -211, 21, 21, 21, 21, -3, 2112, 21, 2212, 211, 22, 211, -211, -211, 21, 2, 22, 21, -2214, -3, 22, 21, 21, 22, 211, 21, 21, -211, -211, 111, 22, -311, 21, -3, -3122, 22, -211, 1, 21, 211, -313, 111, 21, 211, 21, 21, 21, 
Jet 72.3 Contains: 21, 22, 21, 211, 211, 130, -1, 211, 21, 22, 111, 22, 22, 113, 22, 113, 22, 22, 22, 113, 21, 21, 22, -211, 21, 111, 22, 2, 2112, -3, 2, 111, 223, -211, 21, -211, 213, -1114, 
Jet 72.4 Contains: 22, -211, 22, 22, 22, 22, 21, 3314, 22, 311, 21, 3, 21, 21, -211, 310, 211, 22, 21, 313, -2212, 2, -2112, 22, 22, -311, -211, 211, 22, -313, 22, 21, 2112, 21, 22, 211, 1, 3, 22, 22, -15, -211, -211, 22, 213, 21, 22, 211, 111, 
Jet 72.5 Contains: 21, 21, 22, -211, 111, 2, 22, 21, -211, 21, 21, -213, 21, 22, 22, 21, 211, 22, 211, -323, 21, 21, 22, 21, 21, 22, 
Jet 72.6 Contains: 22, 221, 22, 21, 223, -211, 211, 130, 21, 313, -321, 22, -211, 211, 213, 21, 211, -211, 21, 211, 130, 22, 22, 21, 21, 223, 22, -16, 113, -211, 21, 22, 
Jet 72.7 Contains: 22, 21, 21, 22, 22, 22, 21, 22, 22, -3, 111, 22, 111, 22, 21, 16, 211, 223, -211, 22, 310, -211, 21, 22, 22, -1, 21, 22, -211, 23, -313, 22, 21, -211, 21, -211, 
Jet 73.0 Contains: 21, 22, 111, -211, 223, 21, 22, 113, 21, 21, 21, -1, 111, 21, 22, -211, 211, 21, 22, 22, 211, 111, 22, 22, -213, -323, 223, -3214, 310, 22, 111, 22, 21, 21, 22, -211, 22, 211, 111, 211, 2114, 111, 310, 21, 2, -211, 
Jet 73.1 Contains: 21, 311, 21, -211, 22, 22, 211, 2, -211, 211, 21, 22, 22, 21, 21, 111, -211, 211, 21, -211, 113, 21, 21, 21, 211, 22, 22, 22, 
Jet 73.2 Contains: 22, 22, 111, 22, 22, 22, 21, 21, 22, 313, -211, 22, 21, -211, 21, 21, 21, 22, 111, 21, 111, 211, -211, -213, -211, 22, 22, 22, 111, 111, 22, 22, 21, 22, -211, 22, 310, 
Jet 73.3 Contains: -2, 221, 211, 21, 111, 211, 2112, 21, 22, 22, 211, 22, -211, 22, 113, -211, 22, 22, 22, -311, 22, 22, 321, -211, -213, -211, 21, 2212, -16, 22, 22, 211, 22, 311, 22, 21, -211, 211, 
Jet 73.4 Contains: 22, -2112, 211, 311, 22, 22, 111, 21, 21, 3122, 21, 21, 22, 15, 2, 21, 22, 21, 22, -321, 22, 22, 22, 22, 
Jet 73.5 Contains: 22, 22, 21, -211, 321, 111, 21, 211, 21, -211, 22, 111, 22, 211, 21, 111, -211, 211, -211, 211, 22, 22, -2112, 22, -211, 111, 211, 22, 211, 22, -2212, 111, 311, 211, 22, 21, 111, 211, 111, 111, 22, 22, 1, 21, 21, 22, 
Jet 73.6 Contains: 21, 22, 3122, -211, 22, 22, -211, -2212, 22, 21, 221, 211, 211, 2214, 22, 211, 22, 22, 22, 111, 211, 21, 211, 111, -211, 22, 111, -2112, 311, 15, 21, 130, 21, 22, 22, -211, 22, 111, 
Jet 73.7 Contains: -2212, 22, 211, 21, 211, 22, -211, 21, 21, 21, 22, 211, 311, 313, -313, 3, 211, 21, 21, 23, 22, 113, 211, 22, 
Jet 73.8 Contains: 21, 22, 21, 22, -15, 211, 2212, 23, -3212, 211, 21, 21, 22, 21, -211, 22, 21, -211, 221, 22, 21, 22, 321, 22, 22, 21, 211, 211, 21, 223, 
Jet 73.9 Contains: -15, 111, 21, 22, 21, 21, -211, 21, 113, 22, 321, 211, 22, 211, 22, 21, -211, 22, 211, 2, 
Jet 73.10 Contains: 21, 211, 22, 22, 22, 22, 21, -321, 22, -2, 21, -211, 22, 22, 21, -2, -211, 
Jet 73.11 Contains: 211, 2112, 22, 213, 22, -211, -211, 211, 22, 22, 111, 22, 211, 22, 22, 21, 130, 22, 111, 3, 22, 15, 22, -321, 22, 
Jet 74.0 Contains: 22, 22, 21, 22, 22, 22, 22, -211, 22, 113, 22, 23, 22, 211, 22, -211, 211, 22, -211, 310, 21, 211, -211, 22, 22, 22, 21, -211, 111, 2112, 211, 22, 22, 211, 22, 21, 111, 22, -2112, 22, 22, 21, 22, 22, 22, 111, 22, 22, 2212, 22, 
Jet 74.1 Contains: 111, 2212, 22, 22, -211, 22, 211, 22, 22, 21, 22, -313, 21, 22, 21, 22, 21, 111, -3, 22, 310, 21, -15, 1, 21, -213, -2112, -211, 22, 22, -321, 22, 
Jet 74.2 Contains: -2212, 21, 21, 21, 21, 3, 21, -1, 130, 21, 22, 21, 21, 22, 22, -211, 21, 21, 22, 2, 22, 111, 22, -313, 211, 22, 22, 
Jet 74.3 Contains: 22, 211, 22, 21, 111, -211, 22, 22, 111, 211, 22, 211, 21, 23, -1, -211, -211, 211, 22, 21, 21, 22, 
Jet 74.4 Contains: 211, -211, 2, -211, 211, -1, 211, 211, 22, 3, 22, -211, 311, 22, 3212, -2, 221, 111, 21, 2, -2212, 22, 22, 21, -211, 21, 21, 21, -211, 2112, -2112, 21, 21, 
Jet 75.0 Contains: 22, 21, 22, 21, 21, -211, 22, 22, 22, 22, 
Jet 75.1 Contains: 22, 21, 21, 22, -211, 22, 22, 111, 21, 2112, 111, 211, 21, -313, 
Jet 75.2 Contains: 22, 22, -1, 1, 22, -211, 111, 22, -211, 111, 211, 21, 22, 21, 21, 2, -3, -211, -211, 211, -211, 21, 22, 213, 22, 21, 21, 22, 22, -211, -2212, 21, 22, -211, 21, 321, 3, 21, 22, 21, 211, 211, 211, 22, 22, 3214, 21, 22, -211, 22, 22, 211, 211, -211, 211, 111, 22, 22, 22, 22, 22, 22, 3, 
Jet 75.3 Contains: 22, 22, -213, 22, 22, 22, -3, 21, -321, 11, 22, 21, 21, -211, 22, 22, 22, 3, 310, 211, 21, 21, 21, 21, 22, 21, 22, 21, -213, 23, 21, 22, 21, 22, 22, 3122, -3, 22, 21, -211, -213, 211, 2, -311, 22, 21, 
Jet 75.4 Contains: 22, 111, 221, 22, 111, 21, 21, 211, 321, 21, 2, -211, 211, 21, 21, 22, 22, 22, 21, 21, 22, 310, 2, 111, 2, 22, 111, 3, 22, 
Jet 75.5 Contains: -311, 21, 2, 22, 21, 2212, 211, 3, -2, 211, 21, 211, 111, 21, 111, 21, 310, 211, 22, 2, 22, -3, 21, 130, 22, 2212, 213, 21, 22, 21, -211, 22, 3, 310, -211, -211, 310, 21, 21, 111, 211, 22, 21, 21, 22, 111, 22, 21, 22, 22, 22, 310, 22, 22, 22, 21, 
Jet 75.6 Contains: 2, 22, -211, 21, 22, 22, 22, 21, 22, 2, 22, -321, 22, 22, 22, 3222, -1, 22, 21, 111, -211, 211, 22, 13, 22, 22, 22, 211, -211, 22, 1, 211, 22, 21, 
Jet 75.7 Contains: -211, 21, 211, -3122, 22, -211, 22, 21, 211, 21, 113, 22, -1, 22, -213, 22, 111, 2112, 113, -311, 130, 21, 21, 211, 221, -211, 111, 2, 21, 21, 21, 22, 21, 22, 213, 
Jet 75.8 Contains: 21, -211, 111, 22, 22, -1, 21, 21, 211, -211, -2, 21, 22, 22, 221, 22, 211, 22, 22, 21, 111, 211, 22, 22, 111, 22, 22, -211, 310, 22, 22, 
Jet 76.0 Contains: 211, 21, 2112, 23, 22, 22, 21, 21, 22, -15, 21, 211, -211, 21, 130, 22, 22, -211, -211, 211, 22, 22, 
Jet 76.1 Contains: 21, 310, 22, 21, 22, 21, 22, 22, 22, 310, 211, 211, -211, 22, 2, 22, 22, 
Jet 76.2 Contains: 22, 22, 22, 22, 22, -311, 211, 130, -211, 211, 22, -211, 21, 22, 211, 22, 211, 22, 223, 211, 22, 21, 22, 211, 22, 22, 22, 22, 111, 22, 22, -211, 211, -211, -211, 15, 22, 211, -211, 22, 22, 
Jet 76.3 Contains: 22, 21, 111, 3, 321, 22, 21, 21, 22, 21, -2112, 21, 22, 21, 22, 310, -211, 211, -16, 111, 21, 21, 22, 213, -211, 22, -211, 3, 
Jet 76.4 Contains: 22, -211, 22, 22, -211, -2112, 22, 211, 22, 21, 22, -2114, 23, 2212, 21, 21, 22, -211, 22, -211, 211, 22, -211, 22, 22, 22, -211, -2, -211, -211, -2212, 211, 22, 21, 22, 
Jet 76.5 Contains: -211, 111, 211, 111, 22, 2, 211, 21, 21, 2, -211, 22, 21, 21, 22, 21, 21, 221, 21, 22, 211, 22, -211, 21, 211, 211, 22, 211, 211, 213, 22, 22, 310, 130, 22, 22, 
Jet 77.0 Contains: -211, 130, 21, -211, -2112, 22, -211, -211, 223, -311, -211, -211, -213, -321, 22, 2212, 22, 111, 22, 21, -211, 22, 213, 22, -211, 21, 130, 22, 2212, 22, 22, 211, 22, 21, 211, 111, 21, 22, 21, 22, -211, 22, 22, 22, 21, -211, 22, 22, 211, 211, 22, 22, 
Jet 77.1 Contains: 211, 111, 21, 22, -211, 22, 113, -211, 22, 2212, 22, 22, -211, 22, 130, 211, 213, -211, 22, 
Jet 77.2 Contains: 111, 22, 22, 213, 111, -213, 321, 22, 21, 130, 22, 22, 22, 111, 111, 22, 21, 22, 21, 2, 21, 22, -211, -2112, 130, 221, 22, 111, 
Jet 77.3 Contains: 211, 22, 22, 22, -211, 211, 22, 22, 213, 22, 22, 22, 211, 21, 211, 21, 211, 111, 22, 211, 22, 22, 111, -2112, 21, 111, 22, 211, 21, 21, -213, -211, 211, 21, 
Jet 77.4 Contains: 211, 21, 22, 21, 21, 22, 21, 211, -211, -211, 22, -211, 21, 111, 21, 22, 223, -213, 111, 22, 21, 22, 21, 21, -211, 21, 21, 1, 21, 1, 21, 211, 21, 21, 111, -2112, 22, 21, 
Jet 77.5 Contains: 22, 311, 22, -213, -211, 22, 22, 22, 22, 211, 211, -211, 22, 213, 111, 21, 21, 22, -211, 22, 111, -3, -1114, 21, 22, 
Jet 77.6 Contains: 211, -311, 22, 211, 111, -211, 22, 211, -11, 223, 130, 22, 21, 321, -211, -211, -321, 22, -2112, -211, -211, 21, 22, 22, 22, 
Jet 77.7 Contains: 21, 130, 22, 111, 211, 111, -211, -211, 21, 111, 22, 21, 21, 223, 21, 22, 22, 321, 21, 23, 22, 22, 21, 211, 111, 21, 22, -211, 111, -2, 22, -313, -211, 22, 211, 221, 
Jet 78.0 Contains: 3, 21, 22, 22, 130, 211, 22, 21, 22, 22, 211, 211, 21, 2, 211, 2, 22, 22, 21, 2, 21, 22, 22, 22, -211, -211, 22, -2212, 21, 2, 111, 111, 111, 211, 21, 323, 22, 22, 22, 311, 23, -211, 21, -211, 22, 21, 21, 22, 211, 2112, -211, 22, 21, -16, -211, 21, 22, 
Jet 78.1 Contains: 22, 22, 22, -211, 3322, 321, 1, 311, 21, 22, 21, 21, 111, 22, 211, 21, 22, -323, -211, 21, 113, 22, 22, -211, 22, 22, 22, 
Jet 78.2 Contains: 211, 22, 21, 111, 21, 22, 111, 22, -2212, 22, 22, -15, -2114, 22, 22, 22, 22, 22, -1, 21, 21, 23, 22, 22, -2212, 22, 22, 21, 22, 211, -1, -211, 22, 211, 22, 22, -211, 22, 21, 
Jet 78.3 Contains: 21, 111, 22, -321, -211, 22, -2, -211, 22, 21, -213, -211, 
Jet 78.4 Contains: 22, 2112, 16, 22, 22, 22, 211, 22, 211, 2212, 21, 22, 22, 321, 310, 22, 3, -1114, 21, 21, 211, 21, 22, 21, -211, 223, 22, 22, -211, 15, 111, 22, -211, 22, -321, 22, -2112, 111, 111, 22, 22, 111, 
Jet 78.5 Contains: 22, 22, 22, -321, -211, 211, 111, -211, 3, -211, 22, 23, -211, 22, 22, 22, 21, 22, 22, 22, 211, 3314, 21, 21, 213, 22, 22, 111, 310, 211, 21, -213, 22, 22, 15, 22, 22, 
Jet 78.6 Contains: 21, 22, 22, -211, 21, 21, -3, 22, 22, 111, 111, 22, 310, 22, 3, 22, 211, 22, 21, -2, 211, 211, -213, 22, 111, 22, 21, 111, 22, 22, 23, 
Jet 78.7 Contains: 211, 22, 211, -2112, 22, 22, 111, -211, 211, 22, 22, 22, 21, 22, -211, 22, -211, 111, 211, 22, -11, 211, 22, 211, 22, 211, -211, 2212, 
Jet 78.8 Contains: 22, -2112, 22, 213, 22, 22, -211, 22, 22, 22, 22, 22, 22, 22, 22, -211, 23, 22, -211, 22, 211, 15, 22, 211, 21, 22, 211, -211, 3, 22, 22, 111, -211, 22, 211, 211, 211, 111, 22, 22, 22, 
Jet 78.9 Contains: -211, -211, 22, 22, 21, 22, -211, -211, 211, 213, 22, 310, 111, 211, 213, 21, 211, 111, 111, 111, -213, 113, 211, 22, 211, 21, 111, 22, 21, 22, -211, 21, -2112, 
Jet 79.0 Contains: -2, -211, -1, 211, 211, 22, 21, 22, 22, 3314, 21, -211, 22, 22, 21, 21, 21, 21, 211, 22, 21, -211, 22, 22, 
Jet 79.1 Contains: 213, 211, 211, 22, 211, -211, 21, 22, 21, 22, 21, 21, 22, 21, 221, -211, 211, 21, 21, -213, -211, 130, 22, 22, 21, 311, 22, -211, 22, -211, 22, 211, 21, 111, 22, 22, 22, 211, 21, 22, 22, 22, 22, 22, -15, 
Jet 79.2 Contains: 21, 2212, 22, 22, 211, 21, 21, 21, -2112, 111, -211, -211, 22, 22, 21, 22, 22, -15, 21, 111, 22, 22, 22, -323, 1, 111, 21, 22, 22, 
Jet 79.3 Contains: 111, 21, 21, -15, 211, 22, 211, 22, 22, 211, 22, 21, -211, 23, 3, 211, 21, 311, 22, 
Jet 79.4 Contains: 311, 22, 22, 22, 111, 22, 22, 22, 22, 3222, 111, 22, 22, -311, 22, 22, 2112, 22, -211, 22, 310, 211, 111, 22, 211, 321, 21, 22, 22, 22, 211, 
Jet 79.5 Contains: 22, 22, 111, 211, 22, 22, 3, 22, -211, 310, 22, 21, 22, 22, 21, 310, 21, 211, 3, 22, 211, 211, -211, 310, 111, -211, 22, 21, 1, 22, 21, 22, -211, 22, 22, 22, 22, 22, 
Jet 79.6 Contains: 22, 22, 22, 22, 211, 311, 21, -2, 22, -211, 211, 211, -321, -211, -211, 211, 22, 22, 21, 22, 22, 
Jet 79.7 Contains: 310, -211, 22, 21, 321, 111, 22, -311, -321, 211, 22, -3, -3212, 21, -3, -211, 22, 21, 310, 22, 211, 22, 211, 130, -211, 22, 22, 111, -211, 21, 22, 22, 213, 21, -1114, 2214, 
Jet 79.8 Contains: 22, 21, 22, 22, 211, -211, 21, 22, 3, 22, 22, -211, 211, 323, 22, 22, 21, 211, 22, 223, 3122, 21, -211, 21, 21, 21, -321, 22, -211, 21, 
Jet 79.9 Contains: 2, 22, 22, 21, -321, 21, 21, 22, 211, -211, 22, 22, 22, 22, 211, -211, 22, 21, 111, 111, -2, 23, 22, 21, -211, 211, -211, 21, 21, 211, 111, 22, 21, 
Jet 80.0 Contains: 22, -211, -211, 21, 22, -213, 211, 21, 22, 22, 211, 211, -211, 22, 21, 310, 213, -213, -2112, 321, -211, 21, 111, 22, 22, 22, 22, 22, 211, 22, 22, 130, 21, -211, 22, 22, 223, 22, 321, -211, 21, 113, 22, -211, 211, 21, 21, 22, 
Jet 80.1 Contains: 211, -211, 22, 111, 22, 22, 211, 111, 111, 21, 211, 21, 21, 22, 21, 111, 111, 113, 21, 21, 21, 221, 21, 21, 22, 111, 211, 211, 211, -211, -211, 211, 22, 22, 22, 22, 
Jet 80.2 Contains: 21, 21, 22, 113, 22, 22, 22, 211, 2112, 211, -211, 2212, 21, 21, 21, 21, -211, -3, 211, 22, -211, -1, 22, 221, 22, -211, -211, -2212, 22, 
Jet 80.3 Contains: 22, 223, 2112, 310, -211, -211, 21, 211, 321, 22, 21, 21, 211, -211, 22, 22, 3, 22, 22, 22, -211, -211, 22, 22, 22, 21, 21, 111, -211, 211, -211, 211, -2212, 211, -211, 22, 21, 22, 22, 21, 
Jet 80.4 Contains: 3314, 22, 2112, 22, 223, 21, -211, -2112, -211, 22, 21, 22, 21, 111, 22, 22, -211, 211, 111, 310, 22, 23, 22, 22, -321, 
Jet 80.5 Contains: -211, 211, 111, -211, 22, 223, 211, 21, -211, 221, -311, -211, -211, 22, 22, 22, 21, 21, 111, -211, 22, 21, 22, 21, -211, -211, 22, 22, 22, 21, 211, 130, 22, 21, 22, 
Jet 80.6 Contains: 21, 22, -211, 22, 22, 22, 22, 130, 22, -211, 22, 111, -211, 2212, 22, 22, 22, 211, 211, 22, 21, -211, -211, 21, 21, 
Jet 80.7 Contains: 21, -3122, 22, 22, 21, 111, 211, 111, 22, 211, 22, 111, 22, -323, 21, 211, 21, 21, 22, 22, -11, 21, 22, 22, 1, 22, 22, 22, 113, 21, 23, 3122, 21, 22, -2112, 21, 
Jet 80.8 Contains: 21, -2114, 21, -3, -211, -321, 22, -1, 22, 22, 22, 211, 21, -211, 211, -2212, -211, -211, 21, 21, 21, 22, 22, 22, 22, 
Jet 80.9 Contains: -211, -3122, 22, 22, 22, 211, -321, 311, -2212, 2, 22, -213, 213, 22, 22, 22, 22, 22, 22, -211, 211, 22, 22, 22, 
Jet 80.10 Contains: -211, 22, 21, 22, 21, 22, 21, 211, 22, 211, -211, 211, 22, 22, 21, 22, 130, 22, 23, 22, 22, 111, 
Jet 81.0 Contains: 22, 22, 321, 22, 22, 22, 22, 22, 211, 22, 22, 22, 22, 22, 211, 22, 22, 22, 130, 22, 22, 
Jet 81.1 Contains: 22, -2212, -211, -321, 211, 111, 130, 111, 111, 21, 21, -213, -321, 22, 211, 111, -2112, 111, 211, -211, 211, 
Jet 81.2 Contains: -1, 311, 111, 130, 21, 22, 310, 22, -211, -1, 211, -211, 22, 22, -211, 211, 21, -211, 111, 21, 21, 21, -1, -211, -211, 211, 3314, 3322, 211, 
Jet 81.3 Contains: -211, 211, 211, 22, 22, 211, 321, 
Jet 81.4 Contains: 321, 22, -211, 111, 22, -211, 22, -321, 111, 111, -211, 211, 22, 111, 21, 21, 211, 211, 
Jet 81.5 Contains: 21, 130, -211, 321, 22, -211, 211, 22, 310, -211, -211, -2212, 22, 2212, 211, 22, 211, 22, 211, 
Jet 81.6 Contains: 22, 22, 211, 22, 211, -321, 22, 211, 22, -2112, 211, 22, 21, -321, 22, -211, 211, 22, 
Jet 81.7 Contains: 22, 22, 211, -211, -211, 111, 2112, 211, -2112, -211, 22, 21, 22, -16, 22, -211, 21, -211, 
Jet 82.0 Contains: 21, 22, 22, 211, 21, 22, -311, 22, 111, -211, 310, 21, 21, 22, 22, 111, 22, 22, 21, -211, 211, 22, 22, 22, 22, 321, 211, 
Jet 82.1 Contains: 22, 21, -3, 22, 21, 22, 111, 21, 22, 211, -311, 211, 22, 22, 223, 21, 22, 111, 321, 22, 22, -321, 22, 21, 130, -311, -211, 21, -211, 321, -211, 
Jet 82.2 Contains: 22, -211, 2212, -211, -211, 22, 211, 310, 113, 21, -321, 111, 22, 111, 21, 
Jet 82.3 Contains: 211, 21, 211, 21, 22, 22, 21, 22, 321, 22, 22, 21, 22, 211, 22, 22, 211, 211, 22, 211, 211, 21, 21, 211, 21, 22, 22, 213, 22, 21, 22, 22, -1, 22, 22, 321, 22, 22, 
Jet 82.4 Contains: 22, 2, 21, 21, 22, 211, 211, 21, 15, 21, 22, 211, 111, 22, -211, 211, 22, 21, -321, 22, 321, 111, 21, 21, 22, 21, 21, 111, 22, 
Jet 82.5 Contains: 211, 21, 22, 111, -2112, 2, -211, -321, 22, 211, 111, 22, 22, 22, 22, 22, 22, 21, 21, -313, 21, 22, 22, 21, 211, 22, -211, 310, -211, 21, 3112, 22, -211, 21, 
Jet 82.6 Contains: 22, 22, 23, 21, 21, -211, -211, 21, 21, 22, 22, -211, 21, 22, 11, -211, 21, -211, 22, 21, 21, -211, 211, 2212, 21, 21, 321, 21, 
Jet 82.7 Contains: 111, -211, -211, -323, 22, -211, 21, 331, 21, 21, 22, 21, 21, 111, -211, 22, -2112, 2112, 22, 111, 22, -211, 22, 211, 111, -211, 21, 21, 22, -211, 221, 22, 22, 
Jet 83.0 Contains: -211, 21, -211, 21, 213, 22, 22, 21, 15, -211, -211, 22, -211, 211, 21, 211, 211, -211, 22, 22, 21, 21, 21, 21, 22, 211, 311, 22, 22, 
Jet 83.1 Contains: -211, 211, 3222, -313, 22, -311, 111, 111, 22, 130, 321, 21, 310, 22, 22, 22, -211, -211, 21, 22, 22, 
Jet 83.2 Contains: 22, 22, 21, -211, 21, 22, 21, 21, 21, 21, 21, 22, 21, 21, 2212, 22, 22, 22, 22, -211, 
Jet 83.3 Contains: -3, 21, 3122, 111, 21, 21, 21, 221, 111, 111, -211, 22, 111, 211, -211, 21, 22, 111, -321, 22, 22, 111, 21, 211, -211, 22, -211, 111, 22, 321, 321, 22, 
Jet 83.4 Contains: 21, 21, 130, 111, 21, 22, 21, 22, 211, 313, -413, 22, -211, 21, 21, 21, 22, 21, 211, 211, 211, 22, 130, 22, 22, 21, 321, 22, 21, 21, 21, 22, 21, 22, 1, 22, 111, 211, 22, -2, 111, 321, 21, -15, 310, 
Jet 83.5 Contains: 211, 321, 21, 22, 221, 22, 21, -211, 111, -211, 211, 22, 313, 321, 22, 111, 3122, 211, 22, 
Jet 83.6 Contains: 111, 211, -2212, 22, 21, 21, 22, 313, 22, -16, 22, -213, -211, 22, 22, 223, 22, 211, 211, 111, 22, -311, 22, 23, 22, 22, 21, -211, -321, 211, 22, 22, 21, -211, 22, 21, 
Jet 83.7 Contains: 22, 211, -211, 111, -211, 211, 213, 111, 111, 22, 22, 22, -211, -3122, -211, 211, 22, 22, 21, -211, 23, 21, 211, 2112, 22, 111, 22, 22, 22, 21, -311, 21, 111, 21, 22, 16, 22, -3322, 
Jet 84.0 Contains: -1, -321, 22, 111, 21, 15, 211, -323, -15, 21, -211, 22, -1, 22, 21, 21, -211, 22, 21, 22, -211, 211, 130, 22, 111, 22, -211, 310, 111, 211, -321, 21, 11, -211, 211, 21, 22, 21, 211, 111, -211, -3122, -321, 211, -211, 211, 22, 22, 211, 22, -211, 21, 211, 
Jet 84.1 Contains: 22, 111, -211, 111, 111, 3, 321, -211, 15, 130, 111, 22, 21, 111, 22, -2, 211, 22, 22, 2112, 22, -2, 22, 22, 111, 22, -3122, 22, 21, 22, 211, 21, 22, 111, 211, 22, 21, 22, 111, 22, 
Jet 84.2 Contains: 22, 22, -211, 22, 22, 22, -211, -211, 21, 21, 22, 22, 111, 21, -11, 22, -211, 22, 21, 21, 22, 22, 21, 22, 22, 21, 211, 22, 21, 22, 111, 21, 
Jet 84.3 Contains: 211, 211, 211, -211, 22, -211, 2, 211, 211, 22, 1, -211, 21, 21, 22, 22, 2212, -211, 22, -211, -211, -4, 21, 22, 2, 211, 211, 22, 211, 22, -211, 221, 2212, 22, 21, 2214, 321, 22, -2112, 22, 21, 
Jet 84.4 Contains: 22, 111, -321, 111, 22, 21, 111, 111, 22, 211, 22, 22, 22, 431, 22, 22, 22, -211, 22, 311, 22, 21, 22, 22, 22, 22, 22, 22, 
Jet 84.5 Contains: 22, 111, 321, -2112, 111, 22, 21, 22, 22, 22, 21, 22, 16, 22, 211, 21, -211, 21, -211, -211, 
Jet 85.0 Contains: 310, 21, 21, 21, 22, -211, 21, 21, 111, 21, 223, -321, 23, 21, 22, 211, -211, 21, 2, 310, 22, 22, 22, 211, 22, 22, -211, 321, 211, 22, -2212, 22, -211, 22, 22, 22, 211, 22, 22, 22, 22, 211, 
Jet 85.1 Contains: -211, 111, 21, 2212, -2112, -211, 211, 2112, 111, 22, 21, 111, 22, 22, 22, 221, 
Jet 85.2 Contains: 21, 23, 22, 211, 21, 211, 22, 211, 22, 111, 22, 21, 22, 21, 321, -323, 113, 321, 22, 22, 21, 22, 321, 
Jet 85.3 Contains: -323, -211, 22, 22, 22, 22, -211, 22, -211, -211, 22, 22, 211, 
Jet 85.4 Contains: 111, 21, 2212, 311, -211, 21, 21, 321, 22, 111, -2, 22, 22, -211, 22, -213, 111, 130, -323, 211, -311, 211, 22, 21, 22, 22, 221, 111, 
Jet 85.5 Contains: 211, 22, 21, 22, 111, 211, 22, 22, 22, 22, 211, 21, 22, 111, 21, 111, 22, 22, 111, 310, 22, -211, 211, -211, 3222, 22, 111, 22, -211, -2112, 22, -211, 21, 22, 
Jet 86.0 Contains: 22, 313, 211, 211, -323, 22, 21, 22, 22, 3, -211, 310, 111, 22, 211, -211, 211, 22, 22, 22, 21, 22, 21, 22, 22, 22, 22, 22, 211, 111, 111, 111, 21, 111, 21, 
Jet 86.1 Contains: 221, 223, 221, 22, 22, 22, -211, 223, 22, 223, 11, 22, 111, 22, 223, 21, 211, 111, 22, 21, 211, 22, 22, 22, -211, -321, 22, 111, 310, 22, 22, 22, 
Jet 86.2 Contains: 211, 111, 21, -321, 22, 22, 211, 22, 22, 211, 111, 211, -211, 211, 21, 223, 111, 111, 22, 22, -211, 21, 
Jet 86.3 Contains: 22, 111, 211, 211, -211, -2, 22, 22, 22, -321, -211, -3, 311, 211, 22, 111, 22, 211, 22, 22, 1, 22, 21, 111, 22, 
Jet 86.4 Contains: 211, 321, 22, 310, 111, 22, 22, 21, 21, 22, 22, 21, -211, 213, 22, -1, 21, 21, 22, 22, 311, 
Jet 86.5 Contains: 22, 211, 111, 211, 15, -313, 2, 111, 21, 21, 22, 22, 22, 
Jet 86.6 Contains: 21, 22, 2212, 211, 22, 21, 22, 211, 211, 211, 21, -211, 211, 22, 22, -211, -211, 21, 21, -211, -211, 22, 21, 22, 22, 321, 213, -211, 
Jet 87.0 Contains: 22, 211, 22, 22, 111, 321, 21, -211, -211, 22, 21, 22, 22, 22, 22, 21, 211, 211, -211, 22, 2112, 2112, 223, 111, -311, 22, 211, 21, 211, -211, 211, 22, 22, 23, 
Jet 87.1 Contains: 211, 22, 22, 22, -1, 111, 130, 22, -211, 22, -211, 21, 21, 22, 22, 313, 111, 211, 21, 22, 21, -15, 111, 23, 211, 221, 22, 22, 22, 
Jet 87.2 Contains: 22, 111, 310, 321, -211, 21, 21, 22, 21, 21, 22, 22, 211, 211, 22, 130, -321, 21, 22, 211, 22, 22, 21, 431, 1, 211, 111, 22, 22, 22, 130, 2112, -211, 211, 22, -2112, 21, 22, 211, 
Jet 87.3 Contains: -213, 21, 211, -211, 3, 213, 22, 11, -2112, 223, 22, 22, 21, 323, 211, 22, 22, 21, 21, 1, 21, 22, 211, 21, -211, 21, 211, 22, 22, 211, 211, -211, 111, -211, 22, 22, 21, 
Jet 87.4 Contains: 22, 22, 22, 221, 211, 22, 22, 22, 130, 22, 22, 211, 111, -2, 22, 22, 22, 111, 
Jet 87.5 Contains: 22, 111, 22, 22, 22, -211, 22, 111, 22, 211, 111, 22, 21, 211, 22, 22, 21, -323, 21, 22, 22, 22, 211, 22, -211, 21, 111, 130, 
Jet 87.6 Contains: -2212, -323, -211, 321, -211, 111, 311, 310, 111, -211, 22, 21, -211, 111, 223, 111, 111, 22, 22, 111, 211, 211, 23, 111, 111, 211, 11, 22, 21, 22, 22, 22, 3214, -211, 21, 22, 211, 130, 
Jet 87.7 Contains: 111, 22, 211, 2, 21, -211, 22, 3122, 22, 111, -211, 21, 2, -2212, 22, 2112, -211, 321, 223, -2, 
Jet 88.0 Contains: 21, 21, 22, -211, 22, 22, 21, -321, -211, 111, 22, 22, 22, 22, 22, 111, 111, 21, -313, 2, 21, 21, 211, -321, 21, 21, -2112, 22, 22, 321, 22, 22, 211, 211, 22, 22, 
Jet 88.1 Contains: -2112, 111, -321, 22, 22, 130, 211, 130, 22, 22, 21, -211, 22, -211, -211, -2, 211, -2112, -211, 22, 22, 22, -211, 21, 22, -211, 211, 21, 22, 22, 321, -213, -211, 22, 321, 211, 22, 22, 22, 21, -211, 211, -321, 111, 22, 211, 21, -211, 211, 2212, -211, -321, 21, 22, 22, 
Jet 88.2 Contains: 331, 211, 21, 22, 310, 23, 21, 22, 221, 21, 21, 21, 211, 22, 22, 111, 22, 213, -211, 211, 22, 22, 22, 22, 22, 
Jet 88.3 Contains: 111, 21, -211, -211, 221, 2, 21, 22, 21, 22, 1, 2, -211, -211, 3212, 22, 2112, 
Jet 88.4 Contains: -2114, 22, -211, 211, 22, 22, 22, 211, -1, -211, -211, 21, 21, 21, 22, 22, 21, 
Jet 88.5 Contains: -211, 22, 22, 21, 22, 111, -211, 21, 22, -211, 21, 211, 21, 21, 211, -211, 22, -311, 111, 111, 22, 211, 211, -211, 21, 211, -211, 111, 21, 22, 22, -2212, 221, 22, 22, 111, 211, 211, -211, 2212, 
Jet 88.6 Contains: 211, 22, 211, -211, 211, 21, -211, 321, 21, 21, 211, 21, -211, 111, -211, 21, -211, 22, -211, -211, 22, 21, 3, -211, 221, 313, 111, 
Jet 89.0 Contains: 22, 22, -211, 22, 22, 21, 211, 22, -321, 22, 211, -211, -2212, 21, 22, 211, 211, 23, 22, 22, 2212, 22, 22, 22, 22, 211, -211, 211, 22, -321, 2112, 22, 311, 130, 111, 22, 22, 22, 22, 22, 22, 22, 
Jet 89.1 Contains: 21, 211, 22, -321, 22, 22, 130, 22, -2112, 22, -211, 211, 211, 311, -211, -211, -211, 211, 22, 
Jet 89.2 Contains: 22, 321, -211, 22, 113, 22, 21, -211, 22, -211, 211, 22, 22, -211, 211, 22, 2212, 211, -321, 22, -211, 22, 
Jet 89.3 Contains: 22, 22, 22, 22, 211, 22, -211, 22, 22, 111, 22, 211, 211, 211, -211, 22, 22, 22, 22, 22, 211, 111, -211, 22, 
Jet 89.4 Contains: 211, 22, 22, -211, -211, 211, 211, 211, 22, 111, -211, -2112, 22, 22, 22, -2112, 211, 211, 22, 21, 22, 22, 
Jet 89.5 Contains: -211, 22, 22, 211, -313, 22, 211, 211, 22, 22, 22, 111, 22, 22, -211, 211, 211, 211, 111, 22, 
Jet 89.6 Contains: 130, 22, 22, 211, -211, 223, 22, 22, 111, 111, -211, -211, 211, 22, -211, 22, 211, 211, 211, 211, 211, 22, 
Jet 89.7 Contains: 211, 211, -211, 22, 22, 22, 22, 22, 22, 22, 22, -211, 22, 2212, -211, 22, 22, 22, 22, 
Jet 89.8 Contains: 22, 111, 22, 22, 22, 21, 22, 2212, 2212, 22, -2112, 211, 22, 22, 22, 22, 22, 22, 22, 
Jet 89.9 Contains: -211, 211, 22, 211, 211, -211, -211, 211, 22, 22, 22, 22, 22, 211, 22, 22, 130, 22, -211, -211, 22, 22, 211, 21, -211, 22, 111, 22, 22, 22, 22, 22, 22, 22, 
Jet 89.10 Contains: -211, 22, 211, 22, -2212, 111, -211, 323, 22, 22, 22, 22, 22, 22, 22, -211, 22, 22, 211, 111, 22, -211, -211, 23, 21, 2212, 
Jet 89.11 Contains: 22, 22, 21, 22, -311, 22, 22, 211, 1, 22, 1, 22, -321, 130, -321, 22, 
Jet 90.0 Contains: -311, 311, 22, 211, 310, 21, 22, 22, 22, -211, -321, 22, 22, 22, 22, 22, -211, 22, 
Jet 90.1 Contains: 